40.3193 49.0151 0
40.0559 48.6571 0
39.7926 48.2991 0
39.5292 47.9411 0
39.2658 47.5831 0
39.0024 47.2251 0
38.7391 46.8671 0
38.4757 46.5091 0
38.2123 46.1511 0
37.949 45.7931 0


34.5659 80.2774 0
34.3976 79.8661 0
34.2294 79.4547 0
34.0611 79.0434 0
33.8928 78.632 0
33.7245 78.2207 0
33.5563 77.8093 0
33.388 77.3979 0
33.2197 76.9866 0
33.0514 76.5752 0


45.9043 88.6906 0
46.3485 88.7076 0
46.7926 88.7246 0
47.2367 88.7416 0
47.6808 88.7586 0
48.1249 88.7755 0
48.5691 88.7925 0
49.0132 88.8095 0
49.4573 88.8265 0
49.9014 88.8435 0


76.5716 47.2713 0
76.5893 47.7154 0
76.607 48.1595 0
76.6246 48.6035 0
76.6423 49.0476 0
76.66 49.4917 0
76.6777 49.9358 0
76.6953 50.3799 0
76.713 50.824 0
76.7307 51.2681 0


55.417 9.62952 0
55.4063 9.1852 0
55.3956 8.74088 0
55.3849 8.29657 0
55.3742 7.85225 0
55.3635 7.40794 0
55.3528 6.96362 0
55.3421 6.51931 0
55.3313 6.07499 0
55.3206 5.63068 0


32.3863 99.3476 0
32.6256 99.7222 0
32.8648 0.0967578 0
33.104 0.471316 0
33.3433 0.845882 0
33.5825 1.22044 0
33.8218 1.59501 0
34.061 1.96956 0
34.3002 2.34413 0
34.5395 2.71869 0


87.0799 56.5772 0
86.9225 56.9929 0
86.7652 57.4085 0
86.6078 57.8242 0
86.4504 58.2398 0
86.2931 58.6555 0
86.1357 59.0711 0
85.9783 59.4868 0
85.821 59.9024 0
85.6636 60.3181 0


7.70868 46.857 0
8.12164 46.6927 0
8.53461 46.5284 0
8.94757 46.3642 0
9.36054 46.1999 0
9.77351 46.0356 0
10.1865 45.8713 0
10.5994 45.707 0
11.0124 45.5427 0
11.4254 45.3784 0


28.9367 45.0229 0
28.6242 44.7069 0
28.3117 44.3909 0
27.9993 44.0748 0
27.6868 43.7588 0
27.3743 43.4427 0
27.0618 43.1267 0
26.7493 42.8107 0
26.4368 42.4946 0
26.1243 42.1786 0


84.5844 79.3748 0
84.9071 79.0692 0
85.2298 78.7636 0
85.5525 78.458 0
85.8752 78.1524 0
86.1979 77.8468 0
86.5206 77.5411 0
86.8433 77.2356 0
87.166 76.9299 0
87.4887 76.6243 0


