# Fix print output for fix fixprint
0.057987431067631
0.397416576950217
1.131593821661
2.15139390373289
3.44788754840741
4.75938764063531
6.3033543210196
8.99276206072645
12.5506102498638
16.8147730790113
22.1086270263524
26.5114673742456
30.5334271607629
34.3073194275304
38.4244999645258
42.3292102897079
45.8329681516631
48.9551918436388
51.6005588375509
54.2616211815249
58.9555781362433
67.714304797017
76.4372954568346
83.2362058330326
90.7365846405599
98.8937176928653
106.237930922059
115.021359833293
124.148986409805
132.62352767236
138.188321882442
144.437631636411
153.694361622038
164.554054373778
172.96432277296
181.999170606581
191.853440404105
200.779365337877
209.779183968473
220.954658833474
232.641936007742
241.093700239755
250.591002472827
260.647534647947
271.028917793418
280.952421256025
291.785211747126
305.538129431523
317.718128989058
328.123258109428
342.394636873379
359.745043809386
373.346398230677
384.138767337556
396.402975696143
412.821566434852
429.528268168727
448.734183471822
467.618468745878
489.262770794218
509.290448083526
529.630235481169
548.863970158959
563.962253587523
578.53694295628
596.429257697677
613.662842673748
630.466912572147
645.822977048851
659.965915799969
675.047564309134
688.65550331922
711.449191197763
747.912582755188
785.507442707979
814.82679140018
841.407398079608
863.990972138522
888.608654074705
918.876157804036
942.313159693764
962.317784932309
976.626978322355
992.11379121697
1008.35977531677
1029.54715889969
1053.6987990693
1079.26572394591
1108.21307422901
1141.76913396721
1168.56189373307
1196.64959447216
1222.62852113023
1243.88088708899
1263.3004399198
1291.37277346516
1321.90069511249
1355.14272677468
1389.23163929648
1418.78879627537
1438.71416544029
1458.39799040349
1488.38202996807
1508.70499994708
1526.47194845056
1556.53020500049
1600.14619019553
1639.24795033962
1671.29878750831
1702.73292981956
1739.55163574986
1764.58982124137
1783.0166175469
1800.00127902528
1825.75469789916
1856.77635648546
1884.37853529492
1914.45673357478
1954.01719593797
1992.74804079353
2018.96071196396
2045.68147361439
2071.26173920237
2085.98273487956
2099.8641673451
2122.22906649537
2144.09034373486
2156.5143901412
2164.8324946174
2181.66907612012
2206.67990753995
2233.49452250756
2262.68333856627
2282.96233026832
2301.39627842596
2321.71456909574
2347.1964788172
2381.79363953789
2420.58800400151
2459.75556576499
2497.22198262425
2528.82193218199
2556.14547032
2582.32966550064
2618.63338927952
2659.81864465144
2694.41205433756
2727.44795823221
2760.79164860227
2792.81351328383
2822.45837889508
2866.07635670786
2915.52023712781
2951.41293062057
2980.85674530135
3013.51671816972
3057.28046078429
3103.82601189572
3156.35312071904
3216.99452791418
3275.50648820613
3323.32076451699
3362.53727227022
3410.13038870721
3465.60792023241
3509.66209273003
3550.79999045904
3580.45991281086
3606.06633902178
3644.20752366425
3678.73734758312
3715.1990813444
3752.44738083243
3776.22441140297
3804.97804333794
3848.15642577163
3899.06616506675
3955.42775073605
4010.86162609243
4075.41505065523
4128.60767627348
4181.2748211712
4231.94704951402
4271.82143592021
4304.00786610903
4347.11160137613
4404.62637780616
4463.37059016178
4504.84835837669
4542.59717987464
4585.41838450446
4619.21655843439
4652.72766399018
4700.7328890867
4753.87887856018
4810.24023720153
4870.09951116373
4916.87337374569
4951.43032356406
5008.68383175077
5078.77109457612
5140.1842700995
5184.63739482187
5227.00592780751
5280.37772192925
5338.92388421793
5382.29347941335
5427.93590471868
5465.10851208866
5505.55452708241
5549.50649981755
5592.23943858616
5627.49780102582
5672.64670253799
5737.42527891322
5810.3734345203
5872.09912987912
5917.5324601098
5958.72338806062
5991.56314558381
6043.98883064973
6106.30980122841
6153.24166655811
6192.02933180758
6248.07669380883
6306.20765165864
6352.6075833034
6395.45530471774
6435.38619306428
6476.87577268211
6515.16507945941
6560.68890480323
6611.0428346733
6658.6041202863
6701.61210226255
6742.66799073065
6793.78093547764
6849.77116468214
6901.26486388913
6952.84087197879
6996.05193328398
7033.91807103665
7073.52197695778
7113.08166848523
7172.50958223377
7228.47768322509
7282.73130404742
7342.65609906469
7414.50872146345
7484.55286407764
7541.39812453315
7585.67241167061
7619.00543717418
7661.99938298271
7703.05092212887
7752.37415329481
7826.14688114785
7907.84138427593
7980.65037606903
8049.06244477869
8111.93715231709
8195.92902515968
8277.75816462313
8332.55656071966
8378.92912397871
8430.18660080482
8487.38951224461
8544.10390443855
8606.31009570334
8694.9870855308
8775.82199782629
8837.74845136556
8907.67630366697
8988.9990670849
9065.39799049622
9141.64955715082
9226.31009821783
9297.47126079906
9370.14266874449
9439.20702100687
9502.82150972389
9552.9493787883
9599.29119797897
9636.94459055995
9685.4769593537
9745.79588056724
9816.99561731947
9899.14766705986
9979.08193785483
10041.5261281523
10084.5526129487
10142.7128614899
10213.0312253678
10294.3576874119
10354.7593488191
10401.2358026195
10442.4883852388
10484.6497763571
10519.0952827101
10561.7511396479
10620.4828695022
10675.8849809329
10724.502918491
10768.3293329372
10816.6458165213
10872.0334553135
10927.3844966791
10978.4526969132
11027.4394378853
11067.6470108889
11116.8622109392
11181.874210412
11249.6888277732
11322.1010613721
11392.1893520344
11442.7400107031
11498.3843327518
11573.1629266136
11653.2848612576
11761.2611844212
11861.3601453443
11941.4644499679
12012.206904698
12080.2797115493
12142.4827667313
12205.1524733336
12257.4647200153
12331.3768098825
12406.6873745796
12487.994655482
12576.3323814851
12648.6282258079
12698.6080807166
12741.9733312585
12780.8098191587
12831.0012937525
12884.611578481
12947.7454838757
13019.382215108
13098.551237399
13184.6272037718
13269.2449532784
13359.4300201819
13433.7846560457
13494.1668222017
13557.4641476637
13619.4135998642
13702.7739196648
13785.9721980458
13840.1919617619
13896.8575601941
13970.5626135155
14032.6495586959
14081.4284330656
14130.4648178012
14193.9402016576
14267.4013687506
14325.4974993826
14371.7196779675
14412.4852443967
14469.4529884978
14545.0677275155
14601.4415871583
14655.7362405764
14720.4824266561
14794.1192535107
14842.2759338816
14900.4527099221
14991.1652792894
15083.7850542246
15166.8329533802
15227.2063595583
15297.7654619048
15373.9351884862
15454.34382314
15527.5491988355
15592.7355088853
15660.3350715309
15740.32149356
15810.3116957065
15872.9235683371
15921.2122320293
15958.7949712483
15989.5046663187
16019.4814432888
16097.3187363108
16193.8151987065
16276.7956784239
16361.1908523892
16460.6484950286
16568.8866679133
16662.5654432453
16772.7583563227
16879.7776885607
16975.1191469207
17064.4635064477
17164.0130190798
17238.8640069738
17304.2737390891
17350.5124947995
17407.8736163901
17492.2638739915
17594.5016262631
17699.6015008443
17796.4320009865
17887.1892616212
17971.0349787843
18025.9334350865
18075.2692602723
18123.2827464631
18197.6128357823
18279.4673068936
18348.5475122635
18419.1114980923
18485.3534787333
18542.460185815
18594.917007033
18634.534740659
18668.9201959571
18712.1798638717
18756.9158566936
18840.7146745854
18953.0814583165
19048.0749561185
19147.7739963738
19231.8714302567
19314.6069541414
19388.3487077392
19463.5786216751
19555.7696679107
19677.4514509134
19797.3733129297
19869.4982277408
19908.30014399
19964.2480344911
20031.9618328443
20099.1128314255
20174.7312580377
20221.39978608
20269.6981718101
20315.0777376346
20359.1775543916
20392.6643692473
20450.6645179084
20509.2672376404
20573.5510608462
20645.1551403091
20723.7212078562
20798.4500967704
20872.4607833236
20950.5277459872
21019.5365714446
21089.2271651947
21199.0910982432
21312.7933738706
21398.5059410463
21497.2094293703
21620.7656731149
21726.2118859856
21832.8898396818
21919.0385284516
21994.433770269
22065.3486583886
22138.2560322582
22219.42113336
22315.1976749116
22414.8608052987
22515.3964758824
22588.9312633878
22672.5742794182
22760.325816564
22835.3175051924
22919.1029753355
23000.2147956882
23067.970734593
23128.2745022858
23173.3993643834
23221.1806114121
23300.7851323645
23392.1761896653
23512.5887879217
23619.2381533764
23707.3338147909
23788.0691413951
23870.6558789524
23961.9220853674
24056.722305618
24168.5642416135
24283.3148201983
24380.2686104302
24447.538757797
24501.1460212404
24568.5272079177
24623.3978493429
24682.755484285
24740.1544638564
24818.2597031585
24918.4506551822
25016.0791704298
25083.7430966286
25133.7708686681
25197.8249484741
25289.5659497883
25364.9021476764
25421.2038975174
25476.9404461271
25532.2844549435
25597.5027969932
25680.0656875717
25789.5782684074
25884.8450924863
25979.4912704189
26110.9860431416
26240.1098343285
26352.77914514
26438.3106114033
26518.7612305109
26598.1163463611
26703.018933289
26811.4057194617
26924.0985364107
27031.4771862119
27107.9567976213
27162.6277229578
27219.3519714493
27309.7137024182
27391.4330895396
27469.3017737137
27549.8849735872
27628.9214171039
27691.368675977
27764.4463528771
27876.4855512105
28006.5806719445
28100.0719265287
28164.5188451792
28239.5279200953
28324.2623856881
28403.474528107
28471.2774095243
28539.9870997194
28633.2250164511
28727.5041510865
28810.9300913297
28886.911352972
28961.9080687342
29032.310591761
29094.1391527278
29163.7007557058
29241.318770808
29358.8293190415
29496.1555613317
29594.8411927232
29673.290076236
29768.7226233447
29861.6869747692
29911.2754414514
29979.9068993249
30066.3850282459
30124.8506650463
30172.600424854
30246.8373893307
30315.6802450204
30371.6218899718
30432.0120298872
30547.8240180561
30682.6508347583
30791.3623370242
30905.3776932149
31021.5131522187
31119.9987029673
31212.5713356323
31300.3832504621
31349.621841032
31415.1355990951
31498.3602864736
31582.3925283541
31659.3137862045
31709.2415603734
31771.5586414565
31889.5497039412
31989.9288390359
32043.1951488848
32126.1099400614
32246.7127527385
32326.6864156851
32428.5289329146
32545.1133933593
32662.3412927335
32800.5558924752
32952.8422421417
33121.12509131
33258.3746866407
33390.591657333
33518.763585143
33648.1205434561
33751.8848366533
33833.4559090498
33926.0444640485
34037.6173776032
34164.5802106252
34311.324320977
34435.5678441187
34528.5002148002
34626.7005985766
34727.4524945786
34842.2884847875
34968.0825965294
35060.1443288414
35130.4351585736
35222.9934962833
35329.5476484581
35442.0812350928
35556.9036560822
35666.5239852856
35775.3757257043
35868.7030792405
35937.3987853939
36024.6089397055
36155.1530535709
36259.202564222
36335.351924379
36396.2478794344
36475.9213216625
36617.1103378911
36741.2227939354
36830.9584391742
36933.0338956472
37027.0127603093
37102.0458629446
37161.487164066
37222.6455646073
37328.4018118917
37445.6901363383
37553.0339937798
37664.1412525141
37784.7354923882
37911.4113808409
38013.7470502637
38102.9342655937
38195.9025900454
38288.417506437
38380.9854386652
38465.3034940737
38553.1041742378
38639.8179930768
38706.9526772243
38781.6481211823
38837.2025598351
38893.7366200082
38974.5955769698
39091.6094001372
39220.5483107379
39336.2076766223
39436.2265330327
39521.1477419639
39622.1654066973
39730.1426207997
39873.544213959
40002.5295717438
40106.1971936493
40214.8726577878
40365.4630294501
40494.0292824706
40599.939048664
40699.9329361847
40826.1698463955
40934.248055659
41035.1669696359
41166.5439326384
41329.807803984
41482.7355502455
41643.1641938291
41806.0340240071
41928.8122531644
42028.3765106847
42103.7398367543
42153.6680171309
42249.4853796112
42371.946379683
42476.7281844503
42587.3779721031
42709.1097737653
42862.3251418393
43015.4860714845
43168.3846948347
43282.7412321531
43378.9461000909
43465.9280954805
43564.0825761498
43631.8285866166
43701.8043024134
43780.2422383828
43838.0036935991
43901.7158898775
44012.6729321502
44154.0173524552
44295.3301447877
44431.4701593669
44559.7558489151
44658.0820391117
44732.207344723
44801.1784881166
44896.1504258032
45025.1153643815
45134.6887907049
45229.8425142363
45354.1667508318
45512.0738839978
45648.4743376216
45762.6773896599
45882.6287228715
46022.6357392858
46141.6220000763
46242.9275141331
46330.5420438453
46388.2102855149
46441.6803375188
46506.9403653299
46615.0341161337
46713.5724351759
46812.8625739898
46935.1100126428
47051.1059526653
47196.4960434681
47319.1188859031
47425.0349256203
47529.1384673992
47625.2633457402
47746.5203458051
47851.2549276015
47967.2286191166
48101.2572663624
48217.4670033467
48345.3072120989
48511.980133251
48653.2982860007
48791.8100731866
48907.0379361648
49003.6028083804
49104.2826529271
49211.117001316
49301.6953519617
49395.0148876569
49479.9572873798
49561.4893654524
49682.5762014203
49802.0172611952
49871.4216552611
49907.0866866488
49953.5606175071
50037.2973486129
50105.9944811551
50206.3571393175
50341.5034870247
50455.8899079691
50579.4556788517
50724.2577113935
50878.7367794445
51011.9149296922
51108.7956372357
51209.1335394431
51312.1241937017
51410.2018991212
51550.4861733475
51687.746562331
51793.3029739554
51890.5131773201
52007.8242281372
52164.6748774216
52337.981256997
52496.3937398332
52635.7220391849
52744.6032514366
52825.9068671433
52905.0991968649
53025.6341901676
53145.0867485351
53289.3954821034
53460.5762563695
53650.0655267898
53809.1265882368
53925.2322650587
54014.9649728203
54066.5108553938
54102.3329601245
54165.7975875991
54239.0373148402
54307.6253655209
54380.5189340923
54478.8029132571
54620.3128271516
54785.1338253872
54913.0652202332
55007.9893070055
55130.8829651153
55234.4079839228
55350.1026398841
55516.7518013805
55686.319533635
55847.0198982356
55971.4299070205
56060.3284076724
56157.0932828106
56273.3794749977
56444.9676106588
56565.8685542202
56678.0053028884
56825.0930161186
56974.5834534091
57155.912501304
57338.2137026524
57558.2320891539
57760.6359488486
57907.9191516723
58026.0177054336
58157.836658863
58361.8398870561
58563.5911288081
58774.3514910674
58946.5596629413
59056.9397299112
59194.2832239407
59320.7994288626
59414.2706465571
59508.6401108085
59601.5993672834
59716.2334098272
59842.209118048
60029.1259096928
60255.8975482085
60450.0836620059
60598.3144724466
60702.6216260873
60814.6644787201
60942.1849491392
61079.9128499121
61200.7418722058
61320.4106457597
61403.0816047506
61470.9218278081
61546.1867244326
61663.2606806749
61837.1604586651
62057.9012692638
62254.8968644032
62397.6156790068
62508.6584831803
62595.383740733
62650.4689629756
62714.3740478009
62789.6889071026
62914.9326121221
63039.4539093089
63165.6354268478
63264.7246217924
63367.8440164544
63459.9684650959
63580.8972921663
63727.1207596779
63846.142509171
63944.6214496143
64059.9499237435
64184.202923599
64313.8433134731
64439.5584921344
64580.0254618755
64722.2585571523
64863.3734078975
64982.9012556776
65161.274452387
65322.1285392455
65460.9393117227
65563.5486699896
65650.3746648448
65713.3795263947
65801.9330433629
65923.1187660819
65992.5338508199
66071.5165307844
66215.9345879615
66374.7085123569
66492.9734001305
66627.3578913427
66757.3766990458
66891.0072171459
67022.9945075483
67130.2303575132
67200.245786029
67306.007019679
67417.9926015384
67542.2463956954
67698.344389682
67892.786030186
68085.3759794391
68242.9886386645
68386.0135416275
68503.4832035885
68598.1847720529
68706.8404509763
68840.4721031631
68961.6319420667
69091.2842387761
69277.2457732525
69433.9391187939
69588.6532393781
69769.1311493849
69914.377293125
70028.8627468602
70165.3321583326
70320.8532917159
70464.6017536874
70584.588513224
70711.1611477066
70829.9751310728
70967.0268574147
71119.6378625257
71252.5043417077
71378.4113055972
71478.0579856548
71572.1270281614
71751.3979736142
71909.4839186388
72054.8576435564
72163.6542654637
72334.2614721914
72489.0354524119
72643.884429843
72830.0739734109
73047.5410846198
73243.0753076814
73392.2377862608
73529.8816752242
73632.852335186
73746.710681527
73871.7870126253
74034.8150932726
74206.408594529
74363.5343956429
74526.5671462651
74665.471052642
74845.9081526852
75004.0469354061
75148.2282759797
75277.1387114526
75392.3170438544
75530.5870905871
75692.9576014761
75838.9663893415
76041.8113346376
76268.6785166091
76448.4105505644
76615.6701898845
76791.5803176386
76955.4344954658
77113.3219930789
77254.7606791298
77423.2912364268
77654.4800369148
77896.827914843
78104.2068822259
78285.4122456075
78490.6869469578
78695.3782222455
78901.9483597471
79076.7381272757
79297.4818396223
79518.279068364
79711.3805211335
79932.484790619
80150.0183763425
80304.5579758228
80413.2364317374
80553.4283428555
80683.8353264555
80834.5639591215
81025.314556399
81190.6221261219
81389.6470311882
81608.0775858555
81775.935599702
81897.9825302882
82024.2612491539
82163.8860359824
82358.4671604976
82645.6080666037
82925.0376208298
83109.8310195068
83254.6104970064
83429.7293374676
83597.6240244382
83825.1358410082
84031.4813946129
84248.3825199298
84425.2423741976
84547.2664777164
84646.6739347652
84744.0055207777
84875.1289646031
85071.4509869609
85280.9857031887
85481.4067160329
85721.3849584055
85975.7018842119
86144.1121645062
86274.0004445182
86406.2512389316
86532.0926177061
86624.3915470899
86700.9354668305
86793.2083396874
86873.9672492565
86975.8487308206
87129.0354308773
87298.1855354276
87448.5320040675
87592.7238265816
87696.7765164322
87821.1644206345
88016.2218434207
88214.6608126068
88376.5657378008
88558.280979779
88786.9233342456
88985.6291702639
89171.3606150494
89304.953942611
89459.4330842093
89616.1537521569
89797.9263148324
89963.5270057352
90090.898533976
90220.1596170672
90425.3944371331
90692.3465869567
90851.6780440143
90966.0660302953
91151.8476425356
91354.1379909849
91510.5568810231
91684.1748913701
91832.3681675963
91936.2243624995
92118.791655899
92349.9213762794
92536.5333382932
92703.2315871962
92880.3383536666
93055.7369649857
93208.5312968963
93362.8520409525
93550.7543891134
93804.9551999038
94036.8038192094
94240.2051805489
94426.7396080178
94592.4204368471
94777.23903352
94925.6684036391
95052.8490568789
95222.6923145668
95418.5284116657
95511.051968886
95606.7400953057
95801.5748316366
96006.2418124086
96161.5430177863
96322.4837007395
96532.0731778593
96766.9035097412
96984.683323236
97190.9550264235
97352.5161993572
97475.7193119434
97674.6002994399
97869.7474695072
98002.8617845112
98169.9171942607
98405.6993106701
98647.1154575517
98882.438389219
99126.0440449524
99323.1453787584
99494.1189711444
99698.5343011601
99894.6902612922
100014.143760043
100104.022925081
100229.363916033
100386.103291816
100521.329014034
100652.505352564
100775.185026373
100874.01059947
100962.017825554
101104.625737604
101228.702399357
101345.291135241
101444.125162813
101559.067855026
101720.56323879
101904.449682363
102104.807559601
102226.353475108
102294.011193886
102445.037163931
102669.240651936
102882.389553873
103072.277499132
103225.528155642
103399.195992968
103575.682913517
103730.727575348
103856.745685368
103993.710919333
104124.597706021
104273.708533608
104443.145591142
104657.890734761
104894.881602951
105120.833190798
105313.087681356
105447.225663778
105525.919048865
105584.887481531
105687.879105293
105803.792778973
105971.17837749
106188.359762054
106345.049472349
106442.60233132
106527.546866646
106617.464052044
106787.792205465
107004.202310584
107223.2277288
107455.196637531
107671.699459558
107883.084754151
108094.620329625
108341.164797456
108546.807910695
108769.846751574
109010.81817104
109242.964615946
109414.673688571
109536.776404582
109665.154562246
109836.220247479
110022.313951513
110157.82870623
110341.77602152
110570.669323228
110818.326117917
111057.074039257
111262.341365794
111477.331852325
111697.720134737
111897.699454038
112064.887153136
112197.728420808
112310.864429397
112472.415771767
112662.139754093
112832.666130295
112976.691441869
113161.09275693
113310.670444781
113419.756675056
113499.605187335
113610.631326738
113816.188322727
114064.338692133
114362.151173907
114653.412427757
114874.465611678
115031.418151425
115175.137423658
115398.698059934
115673.66767762
115964.488202094
116185.802837687
116424.829255225
116703.518718541
116917.105862587
117075.58243354
117201.531177402
117312.076136515
117363.115187039
117441.616369171
117590.498483533
117764.388163712
117932.66560782
118118.561467267
118317.379419441
118468.409521102
118589.269413679
118809.000959285
119032.7418948
119217.12131402
119395.578672891
119541.773232708
119690.935151773
119845.813271284
120024.063422823
120179.54012317
120349.296196273
120566.910436433
120789.816630915
121076.606629116
121327.844915153
121558.606171358
121794.040732698
121933.14984112
122058.848903755
122272.917630854
122510.172476248
122684.140863174
122808.872947824
122904.304369065
123027.946734805
123179.002600737
123339.332987897
123508.341965072
123666.397344396
123818.526926717
123983.659344204
124171.277090695
124418.110261526
124673.510386505
124910.119046735
125111.924169329
125260.8278939
125437.754602264
125630.804658857
125766.391127982
125886.886533369
125997.123740548
126181.092110812
126334.08116388
126406.020112475
126475.416781393
126597.923931269
126729.526143763
126900.758795098
127104.735889598
127278.616471267
127385.177346397
127507.49967166
127635.071549928
127813.992744364
127964.790209371
128188.883876997
128347.318589948
128440.649611393
128565.629618761
128719.052046159
128840.968409071
128980.348457613
129128.043333167
129319.548525144
129532.043702648
129742.712783105
129940.530848935
130109.100789492
130306.929392592
130500.707759976
130631.695953325
130776.253084254
130898.812033455
131052.506864373
131249.428423804
131477.106071932
131659.560965875
131823.845108806
131976.469656829
132137.857543336
132269.147384356
132439.303780688
132685.835264041
132923.677099318
133125.116579449
133313.897484051
133520.403022323
133757.926626096
134051.811327451
134351.546811969
134523.391752711
134632.343831649
134800.502810624
135062.105988113
135291.839298678
135440.029598588
135595.1513742
135773.152675554
135925.465160759
136065.87906362
136196.732372438
136375.378995738
136634.880516669
136942.472165771
137223.006606675
137407.04292458
137579.145143845
137799.229167682
138084.889561755
138361.22854403
138596.862642221
138742.383344023
138911.526380279
139103.348371329
139239.473668137
139430.1636642
139693.821391557
139998.635424696
140289.366145429
140586.177239096
140847.858331756
141138.156746715
141442.479969083
141737.743553935
142027.745767851
142346.281305758
142594.870874342
142822.935763582
143048.336237959
143282.485841269
143451.94477258
143643.709437878
143842.337206616
143967.457157629
144068.410163359
144195.496997525
144330.639669433
144506.565225446
144679.591325778
144810.707208339
144953.596480595
145171.561903983
145373.295278133
145551.105633031
145786.746345588
145988.088635469
146144.227448695
146228.106079284
146301.17414207
146378.44013612
146504.697410862
146701.926180487
146959.735191003
147165.108149386
147322.077000403
147513.404983443
147754.889458198
147970.563163458
148168.022070553
148410.225061811
148623.016514153
148820.512901095
149011.749963661
149166.784218912
149338.771291013
149538.414865288
149789.368123964
150075.926975382
150418.320557273
150748.371667877
151009.581327135
151206.581791175
151337.125243964
151499.949522722
151666.386135543
151796.023808096
151925.72287535
152110.660811359
152361.666445539
152608.219065218
152782.134013433
152910.275271547
153009.01749593
153101.465277646
153203.521985035
153323.981134849
153509.545686262
153695.331189901
153894.997918916
154051.633232752
154226.998853018
154372.119011448
154498.973643777
154692.375695113
154962.828574457
155268.129997627
155556.561837172
155758.56709765
155990.355342011
156238.070728979
156473.30793905
156752.20743009
157020.035042419
157354.30461593
157656.163079628
157881.90271647
158087.435185599
158301.64730758
158432.244747483
158627.96030693
158862.094860856
159095.049871013
159312.156644286
159505.330563456
159642.241351577
159764.940153156
159907.133734612
160093.721537349
160263.166532179
160377.120864839
160451.263234779
160537.855297174
160652.111476838
160814.136671043
160995.755999697
161264.231591224
161631.66332031
162015.35366532
162314.730970596
162521.014986238
162714.487602921
162958.201024235
163210.777987591
163409.123101239
163537.301936565
163661.569348679
163884.452428707
164074.923726333
164247.576108736
164424.53549362
164677.085660895
164864.351962277
165027.230267159
165285.253305449
165591.589503207
165842.294886688
165976.450152258
166160.111888184
166389.508846676
166585.737982444
166761.301086084
166920.390390647
167082.849254569
167279.456203574
167560.465633624
167861.690482974
168115.727069715
168310.397241214
168459.181959619
168580.482709305
168717.557795988
168876.803494043
169002.595463844
169153.193182774
169309.61755758
169505.518594674
169756.356367816
169984.050908836
170169.236979423
170321.06394426
170506.947580299
170664.781500276
170803.904157782
170976.584950618
171244.075511556
171490.027599515
171717.217993994
171886.489992172
172062.157732908
172256.034909826
172455.659622768
172645.336229521
172888.362164217
173152.681633931
173360.991576651
173537.892975838
173642.508726831
173741.714066205
173894.07896245
174090.922718558
174296.951056539
174476.288333201
174585.095280618
174713.448973827
174838.187007661
174955.816878956
175097.226929478
175250.806075219
175460.41450969
175761.679090484
176038.415765807
176309.955612133
176498.166365826
176628.148806915
176786.518612178
176964.309281834
177161.411055617
177361.612668516
177577.924239252
177775.345216799
178057.432711442
178386.110819452
178722.582626918
179108.086734972
179397.655060575
179672.048086184
179982.952161741
180299.006389948
180616.077683612
180949.982747431
181183.369346424
181440.966724995
181697.712366575
181843.504903973
182013.933175126
182226.736565539
182435.599690432
182628.588260192
182814.861735708
182958.075874015
183129.844677627
183348.009966169
183588.138408759
183876.867568069
184216.598119254
184534.131715747
184800.352463995
185047.882278715
185274.684634833
185408.414634051
185535.753583989
185793.960669428
186019.8448622
186243.150636694
186449.766572294
186648.983337675
186809.034798817
186966.583029968
187206.904902802
187445.70171863
187650.260301582
187801.369556047
188003.410337746
188168.005995127
188317.405582612
188439.159506359
188578.33021859
188810.93206043
189031.124154923
189344.602191183
189668.20258135
189945.989233694
190221.2457987
190553.207875793
190930.978456549
191303.129466747
191716.579353477
192120.032078549
192490.212032937
192718.709843282
192944.503907059
193176.538604255
193497.803419219
193745.328397507
193885.305999984
194040.823136475
194247.876009405
194580.729391553
194921.006154347
195251.217437079
195443.305455658
195616.925510718
195867.414228082
196091.490198073
196344.60390324
196595.613707929
196888.855540764
197160.823926025
197386.348638501
197574.943612706
197777.280644099
198044.890443308
198388.031061736
198748.156809941
199058.560413558
199343.063030567
199607.177195007
199791.755577406
199934.435752913
200121.251601118
200308.097872772
200492.705995203
200703.632261458
200906.26730478
201132.727705431
201364.175967782
201531.033970622
201687.657254495
201887.141084528
202205.713007812
202513.305051568
202785.066015575
202997.078367302
203234.800517134
203454.5914992
203610.77311995
203857.773775676
204101.252273256
204219.583857525
204313.259650907
204434.880642624
204667.316272676
204919.830305917
205132.752361218
205406.589886301
205659.845160352
205913.303535093
206152.556986075
206420.1653533
206687.761781249
206927.239148875
207108.896267916
207370.86045832
207697.168125952
207952.545946058
208127.415239335
208312.21050249
208613.091313969
208908.243601742
209148.794223988
209345.621804199
209573.988894758
209855.705501449
210060.219176213
210184.735346547
210298.286666737
210446.245567369
210621.036487925
210790.4787565
210935.112698932
211027.859195546
211111.449552667
211158.360153488
211214.272529174
211258.163340229
211359.761886669
211475.826225665
211604.714345625
211741.414793898
211941.789991615
212233.51303131
212553.66758705
212843.393755777
213112.625435669
213307.962853292
213513.261503271
213768.990693884
214020.896313147
214238.561126613
214461.076830355
214657.895927259
214780.322655026
214938.616640771
215071.122115033
215218.11109218
215326.319207974
215422.316017802
215593.931658477
215785.145874244
215980.600340318
216151.997640962
216365.953703722
216569.11862758
216760.482115853
216877.568669162
217034.211388268
217278.261173706
217510.225464383
217677.412588184
217938.856095417
218185.626194961
218433.985268988
218671.299186533
218875.305483289
219054.594128155
219283.007626539
219462.374761159
219580.248184045
219707.725046464
219874.47695127
220063.851784645
220202.15815263
220358.902368794
220491.031377315
220624.999572386
220823.878480789
221041.132007401
221227.507050159
221396.43143986
221489.037109057
221680.416374282
221896.975010864
222011.084873111
222096.323891569
222286.607811851
222475.052872141
222614.430361905
222792.651626733
223007.924757193
223182.352504536
223332.018495681
223451.403383801
223587.26047343
223719.593635337
223860.975530834
224041.058770922
224163.064972269
224270.066951508
224360.167574458
224450.473740029
224566.211070815
224699.067269416
224792.771725734
224941.755957739
225145.479038795
225342.521660338
225559.148083281
225769.622271299
225922.957667418
226075.111497042
226253.128274068
226453.280429431
226619.012881877
226777.227639286
226904.421156081
227011.887959926
227095.733163213
227156.697430663
227232.112060512
227337.251900621
227408.123144714
227501.410498502
227594.559826468
227806.146666072
228155.224526647
228516.812046883
228818.922383459
229053.027056453
229219.396709109
229357.075114413
229453.008181311
229548.966738883
229676.34124026
229921.534662289
230146.270353616
230320.475994783
230429.785084963
230570.536433494
230805.34876315
230954.235430058
231113.507965021
231316.774683895
231516.644682892
231664.518100071
231776.966487599
231878.900992257
231998.202553933
232157.523801633
232372.015939775
232614.967819924
232819.054109072
233040.931409194
233267.217476117
233460.397975068
233642.464001913
233814.814700978
233969.670024678
234087.400247687
234240.665528883
234423.580546005
234555.128785389
234650.187863906
234815.520538074
235056.728306696
235241.679920029
235465.871407492
235670.924077583
235805.874430127
235928.91465171
236020.350970804
236158.168934583
236392.327729749
236721.529519358
237011.853822994
237228.790071618
237398.85293767
237533.326862778
237668.862276187
237795.872623396
237934.475071267
238019.264614751
238142.654987604
238348.152954846
238519.140860777
238620.996503595
238677.228897643
238752.980384396
238896.964651794
239066.620839464
239211.442922681
239384.160444531
239625.963006303
239806.301070531
240031.861354445
240246.452567659
240382.51772347
240435.377426558
240455.508930517
240492.182445341
240587.090106519
240741.909707113
240929.464579139
241133.145185995
241348.070754809
241536.278031744
241658.154071615
241802.060178168
241973.033863004
242263.547665207
242517.758567433
242682.862073338
242784.185137095
242814.592516177
242815.640350673
242856.725675079
242949.531547469
243071.843010171
243192.427433069
243349.893307157
243502.591592217
243654.909925308
243844.419261406
244026.772702735
244207.757663529
244306.624403262
244373.358992691
244594.316431356
244852.496369214
245036.939296544
245080.733041064
245158.682882997
245241.462763926
245351.159140278
245541.376171906
245752.001676714
245871.542930719
245925.320322714
246033.0378287
246230.063092723
246460.019285514
246732.302754372
246941.695486645
247102.297006464
247179.051377614
247257.99249207
247301.502577624
247341.187879609
247372.512992412
247422.421883014
247523.900075933
247637.420163002
247793.574832715
248042.912335898
248238.135183252
248481.279139583
248685.790868922
248844.863583249
249029.327700039
249217.799848517
249442.714465712
249694.012961773
249879.079214573
249966.003485369
250107.951268911
250277.965646257
250485.872374372
250673.840604394
250821.049166566
250968.94873824
251152.74363786
251300.820298539
251476.387851071
251602.939801412
251821.896661744
252096.77679426
252282.357964061
252509.087429268
252723.88412072
252911.052046459
253042.655710777
253114.043650643
253203.961689822
253320.879890858
253421.229650158
253636.264865275
253857.893390768
254072.936569501
254303.060093814
254462.104926961
254539.122621872
254619.2615021
254704.81948654
254874.055745797
255097.281696098
255303.854611841
255527.678773619
255659.566982365
255788.789117737
255951.480656682
256102.693602727
256259.617930463
256428.582787224
256554.117556255
256643.85294144
256805.95162654
256955.737160286
257064.433065858
257096.366830532
257094.208699603
257124.76223929
257203.400887397
257364.946814263
257559.221881716
257689.342408173
257825.345990345
258094.202017558
258365.956447203
258579.21960045
258792.844450504
258957.679849629
259108.326136425
259198.843034649
259228.111401533
259287.869718583
259348.419784768
259384.35717407
259431.394996564
259485.652766642
259572.265809707
259634.276104937
259693.983766752
259844.23753128
260046.25725529
260228.375097529
260377.777731214
260476.469416254
260575.347185574
260738.001264772
260910.844532014
261034.910771259
261129.603731017
261265.554116597
261371.576130261
261443.003285519
261500.194348667
261598.592086846
261674.629320862
261759.069802288
261844.164735731
261954.531975015
262100.367714545
262187.482667009
262256.655654318
262364.003981845
262467.632660184
262551.383388787
262658.690036343
262734.715250905
262896.540275569
263102.992584627
263339.864743426
263591.872458365
263896.288164072
264187.451848615
264438.441773838
264593.841074039
264702.759703109
264808.775209576
264916.223515498
265043.556072343
265201.538678991
265346.866092496
265439.195017722
265622.838718076
265845.244709139
266133.414264852
266426.784648812
266668.736043738
266858.055779745
266981.542562471
267180.190079918
267371.039961859
267514.038122671
267664.080054692
267771.962775075
267797.565051552
267831.497082975
268006.990002274
268223.753143247
268317.972151896
268362.321686126
268532.275584288
268712.828226545
268913.567671734
269114.73713701
269340.890309872
269603.193780547
269795.510217317
269906.831732307
270037.349129714
270159.192049388
270209.177657653
270313.191190468
270488.937519463
270673.081639883
270848.006172806
271015.322126199
271167.269698078
271311.530050798
271378.583448375
271405.363022756
271434.815567788
271511.528584129
271664.863843109
271872.890837313
272117.223227609
272414.479231166
272718.662523702
272914.934340089
273085.632632063
273281.300440756
273494.944525578
273646.397430453
273776.503449265
273956.641899612
274183.538787756
274494.678560374
274763.946479124
274993.049360318
275264.146145298
275594.489623139
275877.018028623
276221.164208017
276581.679298836
276902.475418806
277151.390264133
277333.68345286
277526.089759107
277651.068130714
277761.324794669
277894.665313281
278005.611502049
278153.450571153
278443.045583267
278726.013148415
278997.588551612
279301.094182219
279590.507198564
279854.148346699
280037.83023392
280230.27297713
280437.525011722
280679.171585451
280897.210912905
281059.273724094
281207.156285752
281403.314902438
281557.583359962
281719.630979619
281955.195121414
282317.393035325
282671.18859085
282879.855034104
282987.802621707
283126.01002277
283329.655678155
283608.739543308
283931.778881105
284298.666829869
284611.676693812
284905.097341457
285182.286164243
285483.509751254
285791.24042635
286007.559670655
286212.302651475
286453.995578967
286734.349813617
287016.402613832
287179.049540553
287330.499989687
287540.283759603
287836.860040059
288064.797601796
288310.641900337
288596.727304615
288862.213532381
289155.93880601
289402.994223228
289651.861956424
290012.311315465
290414.378612499
290752.493182845
291041.275169894
291297.546466054
291465.074786551
291618.483753659
291749.47691106
291923.494468111
292121.322128513
292308.260654836
292492.294627638
292731.709698514
292926.968973563
293164.5696114
293481.23007605
293800.572405361
294039.831422047
294268.959103792
294510.021491642
294651.494586387
294858.230604828
295073.699755003
295318.554609586
295493.115902027
295698.996694629
295895.180955979
296174.980507842
296459.877744868
296770.877634993
297033.80498824
297329.9707091
297620.762647446
297888.777464704
298113.239693752
298350.744073521
298671.753038462
298982.26301088
299311.634079488
299665.464691905
299964.415342791
300207.356429414
300374.286871323
300516.155900808
300679.046372466
300989.363333451
301323.758043698
301624.098800417
301834.491099956
302044.798546459
302346.495514553
302683.033869054
302945.081334476
303188.679324979
303450.193724074
303637.876739242
303844.995168677
304068.86791961
304365.19782845
304627.334773459
304863.246458565
305047.967309965
305227.088204222
305392.049418599
305629.742683068
305898.56301513
306075.865587079
306172.810859618
306260.752745805
306388.662589135
306595.704018872
306863.741949378
307135.12941369
307368.120184372
307662.830959299
307841.699262748
307969.646602691
308130.453768181
308333.249263306
308565.968637426
308793.665536355
309031.408753074
309265.730632571
309565.512521535
309841.97380339
310152.897983491
310468.038993537
310750.762962155
310959.328517267
311137.090223473
311366.511239
311571.124880561
311796.919956526
312112.654274826
312339.295415304
312640.86464781
312886.758305544
313146.326463839
313353.073721831
313474.24214778
313532.893268062
313626.071507104
313778.53490465
314056.052749162
314308.188748689
314568.616068628
314771.842003712
314945.162430675
315059.659881279
315172.829794076
315330.96790892
315440.06553985
315512.04325806
315628.143840696
315791.798425248
315989.999708353
316202.480029171
316399.903123607
316635.513300854
316910.078197094
317091.188710705
317302.166922322
317573.278736592
317772.206144312
317941.20533819
318121.155415093
318300.269281639
318450.923554203
318579.936250215
318707.019102771
318903.601776764
319086.231062639
319238.360453075
319421.344177844
319661.612575788
319810.969163646
319952.340543455
320104.539880115
320307.018265001
320509.922048195
320686.690665588
320801.757823468
320947.516998646
321109.547562815
321268.663137444
321373.696440634
321445.954779599
321556.600067619
321723.193142568
321902.143208131
322097.027828039
322234.681353294
322336.294520255
322506.826507755
322765.689934344
323068.364999281
323383.816459063
323701.413752272
323984.100911413
324215.839476706
324473.37797437
324708.3618206
325036.152878858
325383.668895364
325747.309328582
326007.1201575
326271.204400745
326529.133432443
326782.220153103
327088.792716013
327271.079796139
327422.288421795
327602.345274021
327825.40146328
328086.913804641
328417.018008538
328819.673009615
329182.853001636
329560.934729417
329927.072004951
330283.928684719
330650.494197799
330990.974917862
331266.751158823
331626.235758581
331976.498882943
332224.404400502
332443.310516852
332708.778787703
332979.707642987
333207.264960184
333462.169639896
333627.002264475
333813.94167564
334029.267568494
334281.414684536
334613.705668997
334942.12898823
335213.990638849
335385.698868736
335531.012148462
335710.580056423
335964.238868132
336200.595486951
336478.764146306
336735.787627623
336988.755122471
337256.388965577
337522.859991847
337688.524126789
337846.495110727
338024.568216656
338217.099141054
338442.003107108
338678.872200844
338903.323012338
339115.765941297
339286.846729069
339483.307600477
339750.058974099
340021.59682923
340270.469063606
340439.480185305
340532.057026897
340647.066907987
340811.12063062
340947.224118895
341051.669809481
341179.014047015
341444.061367264
341729.723482123
342031.685558746
342308.387435792
342560.347172463
342851.972620662
343125.06224437
343323.152934217
343535.453046728
343714.131534552
343921.053151967
344140.481359921
344360.129179594
344611.703061481
344859.270211766
345099.212597725
345334.693017244
345558.146029728
345787.652395024
345962.705640056
346202.980469502
346342.479451074
346515.931401463
346709.90766081
346893.108149825
347146.557009311
347365.475801478
347651.18430913
347976.040636803
348283.065794646
348546.460778682
348734.48697519
348851.227984805
348942.694628804
349102.508702433
349342.08325408
349581.430548566
349783.625982257
350029.304285948
350249.723141019
350420.210846732
350646.73584353
350883.725047251
351189.742961481
351486.519952484
351677.41991518
351847.50591056
351979.258214479
352168.335340772
352374.583530899
352573.962277143
352745.440144242
352900.083981847
353109.780253351
353316.759695252
353510.606819372
353701.360490258
353808.512761249
353918.598063309
354134.865373493
354342.972049918
354600.706547642
354761.313778221
354923.219414384
355143.931974113
355352.633040704
355558.256311756
355739.607890854
355893.454230422
356114.004613838
356373.98485169
356683.637014324
357000.681304501
357270.418057654
357482.700471898
357695.713863165
357908.264050562
358151.238589547
358400.141942198
358593.325827027
358836.856567725
359114.585005297
359398.779051978
359705.609342242
359967.484596922
360263.720370136
360631.5084496
361009.389585683
361263.19389943
361386.961286831
361574.537821599
361764.572321866
362086.108990386
362516.618686203
362854.292159138
363164.516784536
363475.082943066
363642.090752627
363811.317798683
364051.129336612
364260.715304313
364389.54404097
364477.569845949
364648.359619288
364882.053900595
365147.351940327
365367.817314069
365572.756637913
365719.56217358
365844.618488029
365921.919198002
365953.075389815
366069.631219497
366306.003469363
366412.578866235
366470.550995894
366538.263036636
366675.18807794
366897.178702362
367114.154152883
367315.934304055
367464.713267134
367591.350120931
367891.088689644
368301.453897977
368733.98307631
369112.012332342
369389.351296299
369623.203008941
369866.162265599
370132.224810038
370234.529148205
370314.615398588
370425.064523904
370526.036260059
370651.965796534
370743.216308871
370877.174434621
371121.811545918
371348.65249915
371599.134580208
371882.186593622
372126.72388643
372272.395652459
372415.940810006
372581.829630774
372651.893686593
372652.096820616
372706.510360444
372848.415090321
373071.433606886
373248.011315119
373503.26740642
373761.0808416
374064.789085085
374334.710296984
374534.259054153
374722.810973676
374959.28490011
375277.33907965
375607.181903645
375789.44943475
375877.72426387
375919.143136313
375976.638226168
376055.008734471
376182.820786662
376298.633058585
376406.705459723
376491.961690628
376657.52797519
376920.249110644
377264.907626954
377693.9281587
378054.6388246
378392.904855807
378743.563228427
378915.533436609
379084.168576063
379303.695850073
379473.387271665
379758.579992932
380071.064106632
380317.070590817
380576.053654696
380752.268430465
380944.801624427
381162.126676798
381276.737515671
381386.680206155
381591.27899494
381869.112834856
382174.55186552
382393.831115466
382564.130228972
382670.4101653
382859.664566042
383092.322231248
383379.040884233
383754.80665269
384097.033508368
384388.578304752
384631.23951825
384794.918749035
384964.659254937
385140.455075564
385282.933863703
385484.551714471
385562.724258026
385664.687628407
385732.963507355
385799.203166116
385948.895143478
386144.015481983
386326.135144096
386438.797566442
386504.423500418
386599.481172035
386829.32004072
387062.502463971
387272.946495201
387549.377642213
387907.254854603
388263.937253315
388571.797863925
388810.774303656
389032.784287765
389280.792099501
389540.980560918
389727.001547822
389886.133182635
390118.282436786
390457.450659431
390782.482041009
391021.534273567
391181.905317272
391324.782723501
391491.044615045
391687.920009626
391889.733553365
392088.760498086
392313.742584241
392433.702275876
392534.175747928
392700.29176557
392854.651368379
392935.320084401
392964.373225987
393000.601961072
393187.973715912
393424.928151843
393638.124911166
393822.362176074
394072.845286653
394412.732883717
394817.891166685
395298.883322005
395725.653532461
396093.362369044
396414.483765978
396583.650672975
396788.375807161
397057.100409871
397267.037855282
397388.335577206
397531.063957953
397687.930101303
397854.251507309
398016.342521545
398113.267894791
398266.3748043
398516.723626771
398913.895880492
399298.719437107
399717.689186357
400125.165645161
400534.845398023
400877.088838918
401139.922984159
401407.655545628
401693.945176963
401987.40998617
402299.546320646
402527.579954945
402692.758874325
402916.919582878
403238.093739742
403611.443662109
403862.667364835
404086.904159472
404291.367989623
404430.719696139
404596.800331968
404738.350583962
404831.247031288
404930.487181354
404992.763703529
405123.821914063
405236.243749969
405291.64262213
405408.564712479
405585.503222097
405766.520829095
405948.21845809
406054.44466183
406101.534286048
406217.528093959
406294.261791234
406282.064803967
406244.411323581
406300.273721226
406436.995943107
406634.098316208
406844.455070099
407028.124712026
407346.078152423
407725.750206655
408004.607570797
408250.891877592
408511.182428115
408707.152028579
408873.43772595
409042.809960635
409176.370356483
409295.584516009
409413.307255928
409562.829731027
409734.723607015
409987.071092247
410180.554004018
410235.319945976
410291.294294088
410424.186667448
410643.805362603
410901.186763584
411114.020461185
411331.747907324
411495.461288803
411742.816129403
411959.037014066
412198.231557747
412472.299821143
412701.68499618
412878.982870069
413089.467135832
413278.442320614
413462.71407477
413587.230626916
413692.289366935
413777.274971458
413892.039101465
414028.794693525
414181.458088029
414458.418040003
414708.483659525
414887.440787642
415003.669911727
415096.758980635
415236.269753278
415478.978847247
415633.602298719
415666.737736612
415782.576689844
416030.113247764
416240.475972112
416274.525486452
416255.43657724
416281.869311388
416382.139281998
416656.905404824
416942.654919399
417222.982776831
417536.176242269
417892.433640358
418197.636286091
418393.633432307
418484.143768825
418472.077507351
418525.26316932
418686.923234812
418978.861281727
419313.928740142
419743.770824835
420117.504080237
420389.395300619
420534.248819887
420583.646972055
420653.780676584
420747.167658677
420955.86914955
421119.510755005
421338.170068025
421534.906772301
421795.179531323
422089.570325067
422291.020095364
422412.296021227
422529.636442461
422716.584414563
422912.982366244
422934.755904934
422974.463593477
423060.124083692
423224.722769922
423527.483584234
423768.477910107
424002.336951548
424082.779303325
424223.39304235
424535.783768402
424833.164123216
425085.078336913
425282.014015142
425368.656555848
425480.046438388
425705.354382032
425943.121004461
426300.57970615
426699.063275711
426975.054336451
427198.868506758
427424.999079739
427634.177343585
427955.540372569
428250.215564621
428456.885998296
428591.73164638
428746.700954556
428882.726663389
429067.146783707
429261.404460266
429440.164483866
429691.273567
429980.610144667
430188.882229279
430301.816760285
430406.023616001
430583.929588982
430732.770818738
430825.628807086
430972.344503879
431121.783852175
431199.732425072
431261.269909539
431393.911704103
431547.227863444
431668.805255245
431760.458992107
431912.084392642
432086.298681599
432194.083259055
432335.662848574
432524.445376762
432612.785215678
432693.429141298
432868.052446544
433005.987164538
433150.959883834
433317.632899085
433524.855785413
433606.478288409
433698.610340053
433886.952267261
434004.180704468
434103.797282057
434225.575321896
434379.70148422
434471.404958622
434656.102838961
434733.77366913
434827.655481173
434955.170539135
435084.922312643
435293.579378235
435522.993742704
435659.101633338
435753.301114445
435800.549249985
435835.325834718
435865.763321437
435934.824114422
436040.425520606
436094.182808194
436061.592190114
436212.257958579
436506.222489622
436754.759651494
437044.778888998
437342.822721829
437733.934467308
438137.580613738
438396.609305688
438476.763877113
438579.235154799
438870.057018645
439037.232859737
439321.69161412
439636.660371034
439964.094040141
440109.155129118
440127.211018908
440241.621408224
440315.704409264
440318.609741321
440475.457767395
440682.419270077
440877.474846856
441061.392952896
441246.23607662
441402.869210337
441569.438311372
441635.410420835
441612.242427875
441712.351723351
441812.848482529
441895.679958211
442068.740372771
442274.404725641
442426.807264783
442513.985296417
442639.791170129
442763.74168501
442976.107659063
443097.774055535
443158.558069848
443208.991407726
443300.680690992
443465.97534488
443604.371768718
443705.507238461
443887.222832298
444051.062004123
444214.531209214
444364.456952087
444486.22789768
444674.492243855
444803.885359917
444838.798792639
444870.969788586
444856.043553173
444934.957309183
445124.598683401
445320.149152095
445627.132100255
445978.965853612
446280.636271745
446523.850239997
446776.068766383
447086.144429051
447405.136039095
447727.870304904
447954.714401277
448117.680966037
448283.941171623
448506.050288551
448678.342189885
448911.24457452
449095.035557229
449388.88332519
449722.842619993
449862.598145402
449937.636866577
449993.187508938
450061.459764463
450222.63020997
450454.518334623
450616.636289355
450748.768231149
450971.093454201
451141.624753082
451296.709364694
451482.134801875
451557.07430802
451691.648360838
451798.33530521
452018.040006581
452146.424770975
452262.709173413
452453.128621544
452671.295870432
452897.196765502
453042.288247825
453257.233862926
453507.603446335
453687.99438496
453791.395583349
453989.848643387
454326.013228071
454624.544166113
454936.381986974
455114.87347623
455349.391895424
455626.807813877
455874.710159291
456129.941352835
456526.044665956
456947.029807693
457299.233136157
457630.376079344
457864.633958221
458076.870211807
458190.252682378
458321.574420599
458547.407331035
458791.803872831
458986.471988273
459182.164887914
459443.108330801
459639.795775995
459846.319853843
459927.873792924
459944.400300316
459960.505020365
459985.15441597
459996.835818331
460079.256202726
460273.933051472
460484.153608336
460699.960160479
460839.13419585
461038.890896589
461238.931565341
461430.253712969
461608.695994444
461828.67618584
462011.960073865
462091.868199694
462136.953181745
462230.173479439
462394.008083459
462581.405693412
462856.186131145
463059.487189858
463323.19316051
463668.270000717
463865.860767296
464025.913807956
464204.003137772
464410.338815984
464534.338706463
464611.934141038
464775.255036972
464980.711157978
465077.829485088
465171.869818599
465314.315893771
465347.893579372
465348.338821854
465392.097376024
465542.955260808
465796.584965133
465917.923765963
466030.126560949
466170.057034216
