55.5252 29.1067 0
55.2638 29.159 0
55.0023 29.2113 0
54.7408 29.2636 0
54.4793 29.3159 0
54.2178 29.3683 0
53.9563 29.4206 0
53.6949 29.4729 0
53.4334 29.5252 0
53.1719 29.5775 0
52.9104 29.6298 0
52.6489 29.6821 0
52.3874 29.7345 0
52.1259 29.7868 0
51.8645 29.8391 0
51.603 29.8914 0


60.4285 28.1257 0
60.167 28.178 0
59.9055 28.2303 0
59.644 28.2826 0
59.3825 28.335 0
59.1211 28.3873 0
58.8596 28.4396 0
58.5981 28.4919 0
58.3366 28.5442 0
58.0751 28.5965 0
57.8136 28.6489 0
57.5521 28.7012 0
57.2907 28.7535 0
57.0292 28.8058 0
56.7677 28.8581 0
56.5062 28.9104 0


74.9361 41.3093 0
74.7448 41.4951 0
74.5535 41.6809 0
74.3622 41.8667 0
74.1709 42.0524 0
73.9797 42.2382 0
73.7884 42.424 0
73.5971 42.6098 0
73.4058 42.7956 0
73.2145 42.9814 0
73.0232 43.1672 0
72.8319 43.3529 0
72.6406 43.5387 0
72.4493 43.7245 0
72.258 43.9103 0
72.0667 44.0961 0


63.6218 35.0961 0
63.3777 35.2036 0
63.1337 35.3112 0
62.8897 35.4187 0
62.6457 35.5262 0
62.4017 35.6338 0
62.1576 35.7413 0
61.9136 35.8489 0
61.6696 35.9564 0
61.4256 36.0639 0
61.1815 36.1715 0
60.9375 36.279 0
60.6935 36.3866 0
60.4495 36.4941 0
60.2055 36.6016 0
59.9614 36.7092 0


77.086 37.6741 0
76.8743 37.8362 0
76.6625 37.9982 0
76.4507 38.1603 0
76.2389 38.3223 0
76.0271 38.4843 0
75.8153 38.6464 0
75.6035 38.8084 0
75.3917 38.9704 0
75.1799 39.1325 0
74.9681 39.2945 0
74.7564 39.4566 0
74.5446 39.6186 0
74.3328 39.7806 0
74.121 39.9427 0
73.9092 40.1047 0


91.5568 26.1072 0
91.2905 26.0927 0
91.0242 26.0782 0
90.758 26.0638 0
90.4917 26.0493 0
90.2254 26.0348 0
89.9592 26.0203 0
89.6929 26.0058 0
89.4266 25.9914 0
89.1603 25.9769 0
88.8941 25.9624 0
88.6278 25.9479 0
88.3615 25.9334 0
88.0952 25.919 0
87.829 25.9045 0
87.5627 25.89 0


68.1974 33.0797 0
67.9534 33.1872 0
67.7094 33.2948 0
67.4654 33.4023 0
67.2213 33.5098 0
66.9773 33.6174 0
66.7333 33.7249 0
66.4893 33.8324 0
66.2452 33.94 0
66.0012 34.0475 0
65.7572 34.1551 0
65.5132 34.2626 0
65.2692 34.3701 0
65.0251 34.4777 0
64.7811 34.5852 0
64.5371 34.6928 0


96.5497 26.3787 0
96.2834 26.3642 0
96.0171 26.3497 0
95.7508 26.3353 0
95.4846 26.3208 0
95.2183 26.3063 0
94.952 26.2918 0
94.6857 26.2774 0
94.4195 26.2629 0
94.1532 26.2484 0
93.8869 26.2339 0
93.6207 26.2194 0
93.3544 26.205 0
93.0881 26.1905 0
92.8218 26.176 0
92.5556 26.1615 0


79.3134 38.336 0
79.0888 38.5404 0
78.8642 38.7449 0
78.6397 38.9493 0
78.4151 39.1538 0
78.1905 39.3582 0
77.9659 39.5627 0
77.7413 39.7671 0
77.5167 39.9716 0
77.2922 40.176 0
77.0676 40.3804 0
76.843 40.5849 0
76.6184 40.7893 0
76.3938 40.9938 0
76.1692 41.1982 0
75.9446 41.4027 0


4.76121 20.4853 0
4.46454 20.5503 0
4.16787 20.6153 0
3.87121 20.6803 0
3.57454 20.7453 0
3.27787 20.8103 0
2.98121 20.8753 0
2.68453 20.9403 0
2.38787 21.0053 0
2.0912 21.0703 0
1.79453 21.1353 0
1.49787 21.2003 0
1.2012 21.2653 0
0.904531 21.3303 0
0.607868 21.3953 0
0.311194 21.4603 0


92.9959 41.0207 0
92.9639 41.2854 0
92.9318 41.5502 0
92.8998 41.8149 0
92.8677 42.0796 0
92.8357 42.3444 0
92.8036 42.6091 0
92.7716 42.8738 0
92.7395 43.1386 0
92.7075 43.4033 0
92.6755 43.668 0
92.6434 43.9328 0
92.6114 44.1975 0
92.5793 44.4622 0
92.5473 44.727 0
92.5152 44.9917 0


94.3255 38.5186 0
94.2787 38.8935 0
94.2319 39.2684 0
94.1852 39.6432 0
94.1384 40.0181 0
94.0916 40.393 0
94.0448 40.7678 0
93.998 41.1427 0
93.9513 41.5176 0
93.9045 41.8924 0
93.8577 42.2673 0
93.8109 42.6422 0
93.7641 43.017 0
93.7173 43.3919 0
93.6706 43.7668 0
93.6238 44.1417 0


73.5555 41.2216 0
73.313 41.4609 0
73.0705 41.7003 0
72.828 41.9397 0
72.5855 42.179 0
72.343 42.4184 0
72.1005 42.6578 0
71.8579 42.8971 0
71.6154 43.1365 0
71.3729 43.3759 0
71.1304 43.6152 0
70.8879 43.8546 0
70.6454 44.094 0
70.4029 44.3333 0
70.1604 44.5727 0
69.9179 44.8121 0


93.1601 45.8006 0
93.1306 46.1029 0
93.1011 46.4052 0
93.0717 46.7074 0
93.0422 47.0097 0
93.0127 47.312 0
92.9833 47.6143 0
92.9538 47.9165 0
92.9243 48.2188 0
92.8949 48.5211 0
92.8654 48.8233 0
92.8359 49.1256 0
92.8065 49.4279 0
92.777 49.7302 0
92.7475 50.0324 0
92.7181 50.3347 0


83.6769 33.8587 0
83.4465 33.993 0
83.2161 34.1272 0
82.9857 34.2615 0
82.7553 34.3957 0
82.5249 34.53 0
82.2945 34.6642 0
82.0641 34.7985 0
81.8337 34.9328 0
81.6033 35.067 0
81.3729 35.2013 0
81.1425 35.3355 0
80.9121 35.4698 0
80.6817 35.604 0
80.4513 35.7383 0
80.2208 35.8725 0


87.997 31.3414 0
87.7666 31.4757 0
87.5362 31.6099 0
87.3058 31.7442 0
87.0754 31.8784 0
86.845 32.0127 0
86.6146 32.1469 0
86.3842 32.2812 0
86.1538 32.4155 0
85.9234 32.5497 0
85.693 32.684 0
85.4626 32.8182 0
85.2322 32.9525 0
85.0018 33.0867 0
84.7714 33.221 0
84.5409 33.3552 0


92.99 28.0289 0
92.4271 28.2368 0
91.8643 28.4447 0
91.3015 28.6527 0
90.7387 28.8606 0
90.1758 29.0685 0
89.613 29.2764 0
89.0502 29.4843 0
88.4874 29.6922 0
87.9245 29.9001 0
87.3617 30.108 0
86.7989 30.316 0
86.2361 30.5239 0
85.6732 30.7318 0
85.1104 30.9397 0
84.5476 31.1476 0


99.877 21.5553 0
99.5803 21.6203 0
99.2837 21.6853 0
98.987 21.7503 0
98.6903 21.8153 0
98.3937 21.8803 0
98.097 21.9453 0
97.8003 22.0103 0
97.5037 22.0753 0
97.207 22.1403 0
96.9103 22.2053 0
96.6137 22.2703 0
96.317 22.3353 0
96.0203 22.4003 0
95.7237 22.4653 0
95.427 22.5303 0


