17.2314 84.8183 0
17.1753 84.3774 0
17.1191 83.9365 0
17.063 83.4956 0
17.0069 83.0547 0
16.9507 82.6139 0
16.8946 82.173 0
16.8385 81.7321 0
16.7823 81.2912 0
16.7262 80.8503 0


1.49656 96.3575 0
1.6581 95.9435 0
1.81965 95.5294 0
1.98119 95.1154 0
2.14273 94.7013 0
2.30427 94.2873 0
2.46581 93.8732 0
2.62735 93.4592 0
2.7889 93.0451 0
2.95044 92.6311 0


23.9308 30.027 0
23.9223 30.4713 0
23.9137 30.9157 0
23.9051 31.3601 0
23.8965 31.8044 0
23.8879 32.2488 0
23.8793 32.6931 0
23.8707 33.1375 0
23.8621 33.5819 0
23.8536 34.0262 0


70.0626 23.1904 0
70.3766 23.5049 0
70.6907 23.8194 0
71.0047 24.1339 0
71.3188 24.4484 0
71.6328 24.7628 0
71.9469 25.0773 0
72.2609 25.3918 0
72.575 25.7063 0
72.889 26.0208 0


75.407 22.197 0
75.5914 22.6014 0
75.7759 23.0057 0
75.9604 23.4101 0
76.1449 23.8144 0
76.3293 24.2188 0
76.5138 24.6231 0
76.6983 25.0275 0
76.8828 25.4318 0
77.0672 25.8362 0


49.9173 0.350374 0
50.321 0.164447 0
50.7247 99.9785 0
51.1284 99.7926 0
51.5321 99.6067 0
51.9357 99.4207 0
52.3394 99.2348 0
52.7431 99.0489 0
53.1468 98.863 0
53.5505 98.677 0


39.2402 22.567 0
39.1528 23.0027 0
39.0653 23.4385 0
38.9779 23.8743 0
38.8904 24.31 0
38.803 24.7458 0
38.7155 25.1815 0
38.6281 25.6173 0
38.5406 26.0531 0
38.4532 26.4888 0


16.2073 57.0519 0
15.8219 57.2733 0
15.4365 57.4948 0
15.0512 57.7162 0
14.6658 57.9376 0
14.2804 58.159 0
13.895 58.3804 0
13.5097 58.6018 0
13.1243 58.8232 0
12.7389 59.0446 0


29.1804 48.5516 0
29.1749 48.996 0
29.1695 49.4404 0
29.164 49.8849 0
29.1585 50.3293 0
29.1531 50.7737 0
29.1476 51.2181 0
29.1421 51.6625 0
29.1367 52.1069 0
29.1312 52.5513 0


34.9732 46.722 0
35.2946 46.415 0
35.6159 46.1079 0
35.9372 45.8009 0
36.2585 45.4938 0
36.5799 45.1868 0
36.9012 44.8797 0
37.2225 44.5727 0
37.5438 44.2656 0
37.8652 43.9586 0


