18.7482 42.7406 1 1 
18.93 42.6226 1 1 
19.1116 42.5046 1 1 
19.2933 42.3866 1 1 
19.4751 42.2685 1 1 
19.6567 42.1505 1 1 
19.8384 42.0325 1 1 
9.15351 4.83593 2 2 
9.35288 4.92078 2 2 
9.55224 5.00563 2 2 
9.7516 5.09048 2 2 
9.95096 5.17533 2 2 
10.1503 5.26018 2 2 
10.3497 5.34503 2 2 
19.2607 32.0986 3 3 
19.3857 32.2756 3 3 
19.5107 32.4525 3 3 
19.6358 32.6295 3 3 
19.7608 32.8065 3 3 
19.8858 32.9834 3 3 
20.0108 33.1604 3 3 
43.4372 27.4622 4 4 
43.3932 27.25 4 4 
43.3493 27.0379 4 4 
43.3054 26.8257 4 4 
43.2615 26.6135 4 4 
43.2175 26.4014 4 4 
43.1736 26.1892 4 4 
54.8868 30.7437 5 5 
55.0226 30.9125 5 5 
55.1584 31.0813 5 5 
55.2943 31.2501 5 5 
55.4301 31.4189 5 5 
55.5659 31.5877 5 5 
55.7017 31.7565 5 5 
