0.151	0.903
0.152	0.903
0.152	0.904
0.151	0.904
0.151	0.903

0.152	0.901
0.153	0.901
0.153	0.902
0.152	0.902
0.152	0.901

0.152	0.904
0.153	0.904
0.153	0.905
0.152	0.905
0.152	0.904

0.152	0.905
0.153	0.905
0.153	0.906
0.152	0.906
0.152	0.905

0.152	0.906
0.153	0.906
0.153	0.907
0.152	0.907
0.152	0.906

0.153	0.901
0.154	0.901
0.154	0.902
0.153	0.902
0.153	0.901

0.153	0.907
0.154	0.907
0.154	0.908
0.153	0.908
0.153	0.907

0.154	0.9
0.155	0.9
0.155	0.901
0.154	0.901
0.154	0.9

0.154	0.906
0.155	0.906
0.155	0.907
0.154	0.907
0.154	0.906

0.156	0.907
0.157	0.907
0.157	0.908
0.156	0.908
0.156	0.907

0.158	0.908
0.159	0.908
0.159	0.909
0.158	0.909
0.158	0.908

0.159	0.909
0.16	0.909
0.16	0.91
0.159	0.91
0.159	0.909

0.161	0.91
0.162	0.91
0.162	0.911
0.161	0.911
0.161	0.91

0.162	0.91
0.163	0.91
0.163	0.911
0.162	0.911
0.162	0.91

0.164	0.911
0.165	0.911
0.165	0.912
0.164	0.912
0.164	0.911

0.165	0.912
0.166	0.912
0.166	0.913
0.165	0.913
0.165	0.912

0.166	0.914
0.167	0.914
0.167	0.915
0.166	0.915
0.166	0.914

0.167	0.913
0.168	0.913
0.168	0.914
0.167	0.914
0.167	0.913

0.168	0.915
0.169	0.915
0.169	0.916
0.168	0.916
0.168	0.915

0.17	0.915
0.171	0.915
0.171	0.916
0.17	0.916
0.17	0.915

0.172	0.915
0.173	0.915
0.173	0.916
0.172	0.916
0.172	0.915

0.173	0.916
0.174	0.916
0.174	0.917
0.173	0.917
0.173	0.916

0.174	0.915
0.175	0.915
0.175	0.916
0.174	0.916
0.174	0.915

0.175	0.914
0.176	0.914
0.176	0.915
0.175	0.915
0.175	0.914

0.175	0.915
0.176	0.915
0.176	0.916
0.175	0.916
0.175	0.915

0.175	0.917
0.176	0.917
0.176	0.918
0.175	0.918
0.175	0.917

0.176	0.913
0.177	0.913
0.177	0.914
0.176	0.914
0.176	0.913

0.176	0.917
0.177	0.917
0.177	0.918
0.176	0.918
0.176	0.917

0.177	0.916
0.178	0.916
0.178	0.917
0.177	0.917
0.177	0.916

0.178	0.915
0.179	0.915
0.179	0.916
0.178	0.916
0.178	0.915

0.179	0.914
0.18	0.914
0.18	0.915
0.179	0.915
0.179	0.914

0.181	0.913
0.182	0.913
0.182	0.914
0.181	0.914
0.181	0.913

0.182	0.913
0.183	0.913
0.183	0.914
0.182	0.914
0.182	0.913

0.182	0.915
0.183	0.915
0.183	0.916
0.182	0.916
0.182	0.915

0.182	0.916
0.183	0.916
0.183	0.917
0.182	0.917
0.182	0.916

0.182	0.918
0.183	0.918
0.183	0.919
0.182	0.919
0.182	0.918

0.183	0.917
0.184	0.917
0.184	0.918
0.183	0.918
0.183	0.917

0.183	0.919
0.184	0.919
0.184	0.92
0.183	0.92
0.183	0.919

0.185	0.921
0.186	0.921
0.186	0.922
0.185	0.922
0.185	0.921

0.185	0.925
0.186	0.925
0.186	0.926
0.185	0.926
0.185	0.925

0.185	0.926
0.186	0.926
0.186	0.927
0.185	0.927
0.185	0.926

0.185	0.928
0.186	0.928
0.186	0.929
0.185	0.929
0.185	0.928

0.186	0.922
0.187	0.922
0.187	0.923
0.186	0.923
0.186	0.922

0.186	0.927
0.187	0.927
0.187	0.928
0.186	0.928
0.186	0.927

0.187	0.924
0.188	0.924
0.188	0.925
0.187	0.925
0.187	0.924

0.188	0.928
0.189	0.928
0.189	0.929
0.188	0.929
0.188	0.928

0.189	0.928
0.19	0.928
0.19	0.929
0.189	0.929
0.189	0.928

0.191	0.929
0.192	0.929
0.192	0.93
0.191	0.93
0.191	0.929

0.192	0.929
0.193	0.929
0.193	0.93
0.192	0.93
0.192	0.929

0.193	0.93
0.194	0.93
0.194	0.931
0.193	0.931
0.193	0.93

0.195	0.931
0.196	0.931
0.196	0.932
0.195	0.932
0.195	0.931

0.195	0.932
0.196	0.932
0.196	0.933
0.195	0.933
0.195	0.932

0.195	0.933
0.196	0.933
0.196	0.934
0.195	0.934
0.195	0.933

0.196	0.935
0.197	0.935
0.197	0.936
0.196	0.936
0.196	0.935

0.196	0.937
0.197	0.937
0.197	0.938
0.196	0.938
0.196	0.937

0.198	0.936
0.199	0.936
0.199	0.937
0.198	0.937
0.198	0.936

0.199	0.936
0.2	0.936
0.2	0.937
0.199	0.937
0.199	0.936

0.201	0.935
0.202	0.935
0.202	0.936
0.201	0.936
0.201	0.935

0.203	0.934
0.204	0.934
0.204	0.935
0.203	0.935
0.203	0.934

0.204	0.933
0.205	0.933
0.205	0.934
0.204	0.934
0.204	0.933

0.205	0.933
0.206	0.933
0.206	0.934
0.205	0.934
0.205	0.933

0.207	0.933
0.208	0.933
0.208	0.934
0.207	0.934
0.207	0.933

0.209	0.932
0.21	0.932
0.21	0.933
0.209	0.933
0.209	0.932

0.21	0.931
0.211	0.931
0.211	0.932
0.21	0.932
0.21	0.931

0.212	0.931
0.213	0.931
0.213	0.932
0.212	0.932
0.212	0.931

0.214	0.93
0.215	0.93
0.215	0.931
0.214	0.931
0.214	0.93

0.215	0.929
0.216	0.929
0.216	0.93
0.215	0.93
0.215	0.929

0.217	0.751
0.218	0.751
0.218	0.752
0.217	0.752
0.217	0.751

0.217	0.929
0.218	0.929
0.218	0.93
0.217	0.93
0.217	0.929

0.218	0.753
0.219	0.753
0.219	0.754
0.218	0.754
0.218	0.753

0.218	0.754
0.219	0.754
0.219	0.755
0.218	0.755
0.218	0.754

0.219	0.75
0.22	0.75
0.22	0.751
0.219	0.751
0.219	0.75

0.219	0.756
0.22	0.756
0.22	0.757
0.219	0.757
0.219	0.756

0.219	0.928
0.22	0.928
0.22	0.929
0.219	0.929
0.219	0.928

0.22	0.757
0.221	0.757
0.221	0.758
0.22	0.758
0.22	0.757

0.22	0.926
0.221	0.926
0.221	0.927
0.22	0.927
0.22	0.926

0.22	0.928
0.221	0.928
0.221	0.929
0.22	0.929
0.22	0.928

0.221	0.759
0.222	0.759
0.222	0.76
0.221	0.76
0.221	0.759

0.221	0.925
0.222	0.925
0.222	0.926
0.221	0.926
0.221	0.925

0.222	0.76
0.223	0.76
0.223	0.761
0.222	0.761
0.222	0.76

0.223	0.762
0.224	0.762
0.224	0.763
0.223	0.763
0.223	0.762

0.223	0.767
0.224	0.767
0.224	0.768
0.223	0.768
0.223	0.767

0.223	0.769
0.224	0.769
0.224	0.77
0.223	0.77
0.223	0.769

0.223	0.925
0.224	0.925
0.224	0.926
0.223	0.926
0.223	0.925

0.224	0.763
0.225	0.763
0.225	0.764
0.224	0.764
0.224	0.763

0.224	0.766
0.225	0.766
0.225	0.767
0.224	0.767
0.224	0.766

0.224	0.771
0.225	0.771
0.225	0.772
0.224	0.772
0.224	0.771

0.224	0.925
0.225	0.925
0.225	0.926
0.224	0.926
0.224	0.925

0.225	0.765
0.226	0.765
0.226	0.766
0.225	0.766
0.225	0.765

0.225	0.771
0.226	0.771
0.226	0.772
0.225	0.772
0.225	0.771

0.226	0.772
0.227	0.772
0.227	0.773
0.226	0.773
0.226	0.772

0.226	0.925
0.227	0.925
0.227	0.926
0.226	0.926
0.226	0.925

0.227	0.773
0.228	0.773
0.228	0.774
0.227	0.774
0.227	0.773

0.227	0.775
0.228	0.775
0.228	0.776
0.227	0.776
0.227	0.775

0.227	0.776
0.228	0.776
0.228	0.777
0.227	0.777
0.227	0.776

0.227	0.925
0.228	0.925
0.228	0.926
0.227	0.926
0.227	0.925

0.229	0.775
0.23	0.775
0.23	0.776
0.229	0.776
0.229	0.775

0.229	0.925
0.23	0.925
0.23	0.926
0.229	0.926
0.229	0.925

0.23	0.774
0.231	0.774
0.231	0.775
0.23	0.775
0.23	0.774

0.231	0.925
0.232	0.925
0.232	0.926
0.231	0.926
0.231	0.925

0.232	0.775
0.233	0.775
0.233	0.776
0.232	0.776
0.232	0.775

0.232	0.925
0.233	0.925
0.233	0.926
0.232	0.926
0.232	0.925

0.233	0.776
0.234	0.776
0.234	0.777
0.233	0.777
0.233	0.776

0.234	0.924
0.235	0.924
0.235	0.925
0.234	0.925
0.234	0.924

0.235	0.777
0.236	0.777
0.236	0.778
0.235	0.778
0.235	0.777

0.235	0.923
0.236	0.923
0.236	0.924
0.235	0.924
0.235	0.923

0.236	0.778
0.237	0.778
0.237	0.779
0.236	0.779
0.236	0.778

0.236	0.924
0.237	0.924
0.237	0.925
0.236	0.925
0.236	0.924

0.237	0.778
0.238	0.778
0.238	0.779
0.237	0.779
0.237	0.778

0.237	0.925
0.238	0.925
0.238	0.926
0.237	0.926
0.237	0.925

0.238	0.926
0.239	0.926
0.239	0.927
0.238	0.927
0.238	0.926

0.238	0.927
0.239	0.927
0.239	0.928
0.238	0.928
0.238	0.927

0.239	0.779
0.24	0.779
0.24	0.78
0.239	0.78
0.239	0.779

0.239	0.926
0.24	0.926
0.24	0.927
0.239	0.927
0.239	0.926

0.239	0.928
0.24	0.928
0.24	0.929
0.239	0.929
0.239	0.928

0.24	0.78
0.241	0.78
0.241	0.781
0.24	0.781
0.24	0.78

0.241	0.928
0.242	0.928
0.242	0.929
0.241	0.929
0.241	0.928

0.242	0.78
0.243	0.78
0.243	0.781
0.242	0.781
0.242	0.78

0.242	0.924
0.243	0.924
0.243	0.925
0.242	0.925
0.242	0.924

0.242	0.925
0.243	0.925
0.243	0.926
0.242	0.926
0.242	0.925

0.242	0.927
0.243	0.927
0.243	0.928
0.242	0.928
0.242	0.927

0.243	0.923
0.244	0.923
0.244	0.924
0.243	0.924
0.243	0.923

0.244	0.781
0.245	0.781
0.245	0.782
0.244	0.782
0.244	0.781

0.244	0.922
0.245	0.922
0.245	0.923
0.244	0.923
0.244	0.922

0.245	0.782
0.246	0.782
0.246	0.783
0.245	0.783
0.245	0.782

0.245	0.921
0.246	0.921
0.246	0.922
0.245	0.922
0.245	0.921

0.246	0.782
0.247	0.782
0.247	0.783
0.246	0.783
0.246	0.782

0.246	0.918
0.247	0.918
0.247	0.919
0.246	0.919
0.246	0.918

0.246	0.92
0.247	0.92
0.247	0.921
0.246	0.921
0.246	0.92

0.247	0.917
0.248	0.917
0.248	0.918
0.247	0.918
0.247	0.917

0.248	0.782
0.249	0.782
0.249	0.783
0.248	0.783
0.248	0.782

0.248	0.913
0.249	0.913
0.249	0.914
0.248	0.914
0.248	0.913

0.248	0.915
0.249	0.915
0.249	0.916
0.248	0.916
0.248	0.915

0.249	0.912
0.25	0.912
0.25	0.913
0.249	0.913
0.249	0.912

0.249	0.914
0.25	0.914
0.25	0.915
0.249	0.915
0.249	0.914

0.25	0.783
0.251	0.783
0.251	0.784
0.25	0.784
0.25	0.783

0.251	0.784
0.252	0.784
0.252	0.785
0.251	0.785
0.251	0.784

0.251	0.785
0.252	0.785
0.252	0.786
0.251	0.786
0.251	0.785

0.251	0.911
0.252	0.911
0.252	0.912
0.251	0.912
0.251	0.911

0.252	0.911
0.253	0.911
0.253	0.912
0.252	0.912
0.252	0.911

0.253	0.786
0.254	0.786
0.254	0.787
0.253	0.787
0.253	0.786

0.254	0.785
0.255	0.785
0.255	0.786
0.254	0.786
0.254	0.785

0.254	0.909
0.255	0.909
0.255	0.91
0.254	0.91
0.254	0.909

0.255	0.786
0.256	0.786
0.256	0.787
0.255	0.787
0.255	0.786

0.255	0.907
0.256	0.907
0.256	0.908
0.255	0.908
0.255	0.907

0.255	0.908
0.256	0.908
0.256	0.909
0.255	0.909
0.255	0.908

0.256	0.787
0.257	0.787
0.257	0.788
0.256	0.788
0.256	0.787

0.256	0.905
0.257	0.905
0.257	0.906
0.256	0.906
0.256	0.905

0.257	0.904
0.258	0.904
0.258	0.905
0.257	0.905
0.257	0.904

0.258	0.788
0.259	0.788
0.259	0.789
0.258	0.789
0.258	0.788

0.258	0.903
0.259	0.903
0.259	0.904
0.258	0.904
0.258	0.903

0.259	0.789
0.26	0.789
0.26	0.79
0.259	0.79
0.259	0.789

0.259	0.79
0.26	0.79
0.26	0.791
0.259	0.791
0.259	0.79

0.26	0.903
0.261	0.903
0.261	0.904
0.26	0.904
0.26	0.903

0.261	0.791
0.262	0.791
0.262	0.792
0.261	0.792
0.261	0.791

0.261	0.904
0.262	0.904
0.262	0.905
0.261	0.905
0.261	0.904

0.262	0.791
0.263	0.791
0.263	0.792
0.262	0.792
0.262	0.791

0.262	0.903
0.263	0.903
0.263	0.904
0.262	0.904
0.262	0.903

0.263	0.79
0.264	0.79
0.264	0.791
0.263	0.791
0.263	0.79

0.263	0.901
0.264	0.901
0.264	0.902
0.263	0.902
0.263	0.901

0.264	0.79
0.265	0.79
0.265	0.791
0.264	0.791
0.264	0.79

0.264	0.901
0.265	0.901
0.265	0.902
0.264	0.902
0.264	0.901

0.265	0.746
0.266	0.746
0.266	0.747
0.265	0.747
0.265	0.746

0.265	0.791
0.266	0.791
0.266	0.792
0.265	0.792
0.265	0.791

0.265	0.792
0.266	0.792
0.266	0.793
0.265	0.793
0.265	0.792

0.265	0.795
0.266	0.795
0.266	0.796
0.265	0.796
0.265	0.795

0.265	0.796
0.266	0.796
0.266	0.797
0.265	0.797
0.265	0.796

0.265	0.9
0.266	0.9
0.266	0.901
0.265	0.901
0.265	0.9

0.266	0.745
0.267	0.745
0.267	0.746
0.266	0.746
0.266	0.745

0.266	0.748
0.267	0.748
0.267	0.749
0.266	0.749
0.266	0.748

0.266	0.792
0.267	0.792
0.267	0.793
0.266	0.793
0.266	0.792

0.266	0.793
0.267	0.793
0.267	0.794
0.266	0.794
0.266	0.793

0.266	0.796
0.267	0.796
0.267	0.797
0.266	0.797
0.266	0.796

0.266	0.899
0.267	0.899
0.267	0.9
0.266	0.9
0.266	0.899

0.267	0.749
0.268	0.749
0.268	0.75
0.267	0.75
0.267	0.749

0.267	0.797
0.268	0.797
0.268	0.798
0.267	0.798
0.267	0.797

0.267	0.806
0.268	0.806
0.268	0.807
0.267	0.807
0.267	0.806

0.267	0.807
0.268	0.807
0.268	0.808
0.267	0.808
0.267	0.807

0.267	0.873
0.268	0.873
0.268	0.874
0.267	0.874
0.267	0.873

0.267	0.874
0.268	0.874
0.268	0.875
0.267	0.875
0.267	0.874

0.267	0.875
0.268	0.875
0.268	0.876
0.267	0.876
0.267	0.875

0.267	0.88
0.268	0.88
0.268	0.881
0.267	0.881
0.267	0.88

0.267	0.898
0.268	0.898
0.268	0.899
0.267	0.899
0.267	0.898

0.268	0.748
0.269	0.748
0.269	0.749
0.268	0.749
0.268	0.748

0.268	0.799
0.269	0.799
0.269	0.8
0.268	0.8
0.268	0.799

0.268	0.805
0.269	0.805
0.269	0.806
0.268	0.806
0.268	0.805

0.268	0.808
0.269	0.808
0.269	0.809
0.268	0.809
0.268	0.808

0.268	0.81
0.269	0.81
0.269	0.811
0.268	0.811
0.268	0.81

0.268	0.872
0.269	0.872
0.269	0.873
0.268	0.873
0.268	0.872

0.268	0.878
0.269	0.878
0.269	0.879
0.268	0.879
0.268	0.878

0.268	0.881
0.269	0.881
0.269	0.882
0.268	0.882
0.268	0.881

0.269	0.8
0.27	0.8
0.27	0.801
0.269	0.801
0.269	0.8

0.269	0.802
0.27	0.802
0.27	0.803
0.269	0.803
0.269	0.802

0.269	0.803
0.27	0.803
0.27	0.804
0.269	0.804
0.269	0.803

0.269	0.812
0.27	0.812
0.27	0.813
0.269	0.813
0.269	0.812

0.269	0.876
0.27	0.876
0.27	0.877
0.269	0.877
0.269	0.876

0.269	0.877
0.27	0.877
0.27	0.878
0.269	0.878
0.269	0.877

0.269	0.878
0.27	0.878
0.27	0.879
0.269	0.879
0.269	0.878

0.269	0.882
0.27	0.882
0.27	0.883
0.269	0.883
0.269	0.882

0.269	0.897
0.27	0.897
0.27	0.898
0.269	0.898
0.269	0.897

0.269	0.898
0.27	0.898
0.27	0.899
0.269	0.899
0.269	0.898

0.27	0.749
0.271	0.749
0.271	0.75
0.27	0.75
0.27	0.749

0.27	0.804
0.271	0.804
0.271	0.805
0.27	0.805
0.27	0.804

0.27	0.811
0.271	0.811
0.271	0.812
0.27	0.812
0.27	0.811

0.27	0.818
0.271	0.818
0.271	0.819
0.27	0.819
0.27	0.818

0.27	0.822
0.271	0.822
0.271	0.823
0.27	0.823
0.27	0.822

0.27	0.824
0.271	0.824
0.271	0.825
0.27	0.825
0.27	0.824

0.27	0.827
0.271	0.827
0.271	0.828
0.27	0.828
0.27	0.827

0.27	0.828
0.271	0.828
0.271	0.829
0.27	0.829
0.27	0.828

0.27	0.83
0.271	0.83
0.271	0.831
0.27	0.831
0.27	0.83

0.27	0.831
0.271	0.831
0.271	0.832
0.27	0.832
0.27	0.831

0.27	0.839
0.271	0.839
0.271	0.84
0.27	0.84
0.27	0.839

0.27	0.84
0.271	0.84
0.271	0.841
0.27	0.841
0.27	0.84

0.27	0.873
0.271	0.873
0.271	0.874
0.27	0.874
0.27	0.873

0.27	0.883
0.271	0.883
0.271	0.884
0.27	0.884
0.27	0.883

0.27	0.885
0.271	0.885
0.271	0.886
0.27	0.886
0.27	0.885

0.27	0.887
0.271	0.887
0.271	0.888
0.27	0.888
0.27	0.887

0.27	0.888
0.271	0.888
0.271	0.889
0.27	0.889
0.27	0.888

0.27	0.89
0.271	0.89
0.271	0.891
0.27	0.891
0.27	0.89

0.27	0.892
0.271	0.892
0.271	0.893
0.27	0.893
0.27	0.892

0.27	0.894
0.271	0.894
0.271	0.895
0.27	0.895
0.27	0.894

0.27	0.896
0.271	0.896
0.271	0.897
0.27	0.897
0.27	0.896

0.271	0.75
0.272	0.75
0.272	0.751
0.271	0.751
0.271	0.75

0.271	0.815
0.272	0.815
0.272	0.816
0.271	0.816
0.271	0.815

0.271	0.816
0.272	0.816
0.272	0.817
0.271	0.817
0.271	0.816

0.271	0.818
0.272	0.818
0.272	0.819
0.271	0.819
0.271	0.818

0.271	0.82
0.272	0.82
0.272	0.821
0.271	0.821
0.271	0.82

0.271	0.821
0.272	0.821
0.272	0.822
0.271	0.822
0.271	0.821

0.271	0.826
0.272	0.826
0.272	0.827
0.271	0.827
0.271	0.826

0.271	0.832
0.272	0.832
0.272	0.833
0.271	0.833
0.271	0.832

0.271	0.833
0.272	0.833
0.272	0.834
0.271	0.834
0.271	0.833

0.271	0.838
0.272	0.838
0.272	0.839
0.271	0.839
0.271	0.838

0.271	0.841
0.272	0.841
0.272	0.842
0.271	0.842
0.271	0.841

0.271	0.843
0.272	0.843
0.272	0.844
0.271	0.844
0.271	0.843

0.271	0.845
0.272	0.845
0.272	0.846
0.271	0.846
0.271	0.845

0.271	0.873
0.272	0.873
0.272	0.874
0.271	0.874
0.271	0.873

0.272	0.751
0.273	0.751
0.273	0.752
0.272	0.752
0.272	0.751

0.272	0.811
0.273	0.811
0.273	0.812
0.272	0.812
0.272	0.811

0.272	0.814
0.273	0.814
0.273	0.815
0.272	0.815
0.272	0.814

0.272	0.835
0.273	0.835
0.273	0.836
0.272	0.836
0.272	0.835

0.272	0.837
0.273	0.837
0.273	0.838
0.272	0.838
0.272	0.837

0.272	0.845
0.273	0.845
0.273	0.846
0.272	0.846
0.272	0.845

0.272	0.872
0.273	0.872
0.273	0.873
0.272	0.873
0.272	0.872

0.273	0.752
0.274	0.752
0.274	0.753
0.273	0.753
0.273	0.752

0.273	0.756
0.274	0.756
0.274	0.757
0.273	0.757
0.273	0.756

0.273	0.812
0.274	0.812
0.274	0.813
0.273	0.813
0.273	0.812

0.273	0.846
0.274	0.846
0.274	0.847
0.273	0.847
0.273	0.846

0.273	0.871
0.274	0.871
0.274	0.872
0.273	0.872
0.273	0.871

0.274	0.757
0.275	0.757
0.275	0.758
0.274	0.758
0.274	0.757

0.274	0.845
0.275	0.845
0.275	0.846
0.274	0.846
0.274	0.845

0.274	0.87
0.275	0.87
0.275	0.871
0.274	0.871
0.274	0.87

0.275	0.753
0.276	0.753
0.276	0.754
0.275	0.754
0.275	0.753

0.275	0.755
0.276	0.755
0.276	0.756
0.275	0.756
0.275	0.755

0.275	0.847
0.276	0.847
0.276	0.848
0.275	0.848
0.275	0.847

0.275	0.868
0.276	0.868
0.276	0.869
0.275	0.869
0.275	0.868

0.276	0.756
0.277	0.756
0.277	0.757
0.276	0.757
0.276	0.756

0.276	0.757
0.277	0.757
0.277	0.758
0.276	0.758
0.276	0.757

0.276	0.759
0.277	0.759
0.277	0.76
0.276	0.76
0.276	0.759

0.276	0.848
0.277	0.848
0.277	0.849
0.276	0.849
0.276	0.848

0.276	0.85
0.277	0.85
0.277	0.851
0.276	0.851
0.276	0.85

0.276	0.867
0.277	0.867
0.277	0.868
0.276	0.868
0.276	0.867

0.277	0.759
0.278	0.759
0.278	0.76
0.277	0.76
0.277	0.759

0.277	0.797
0.278	0.797
0.278	0.798
0.277	0.798
0.277	0.797

0.277	0.802
0.278	0.802
0.278	0.803
0.277	0.803
0.277	0.802

0.277	0.804
0.278	0.804
0.278	0.805
0.277	0.805
0.277	0.804

0.277	0.865
0.278	0.865
0.278	0.866
0.277	0.866
0.277	0.865

0.278	0.761
0.279	0.761
0.279	0.762
0.278	0.762
0.278	0.761

0.278	0.793
0.279	0.793
0.279	0.794
0.278	0.794
0.278	0.793

0.278	0.794
0.279	0.794
0.279	0.795
0.278	0.795
0.278	0.794

0.278	0.796
0.279	0.796
0.279	0.797
0.278	0.797
0.278	0.796

0.278	0.8
0.279	0.8
0.279	0.801
0.278	0.801
0.278	0.8

0.278	0.805
0.279	0.805
0.279	0.806
0.278	0.806
0.278	0.805

0.278	0.85
0.279	0.85
0.279	0.851
0.278	0.851
0.278	0.85

0.278	0.866
0.279	0.866
0.279	0.867
0.278	0.867
0.278	0.866

0.279	0.762
0.28	0.762
0.28	0.763
0.279	0.763
0.279	0.762

0.279	0.792
0.28	0.792
0.28	0.793
0.279	0.793
0.279	0.792

0.279	0.798
0.28	0.798
0.28	0.799
0.279	0.799
0.279	0.798

0.279	0.8
0.28	0.8
0.28	0.801
0.279	0.801
0.279	0.8

0.279	0.851
0.28	0.851
0.28	0.852
0.279	0.852
0.279	0.851

0.28	0.764
0.281	0.764
0.281	0.765
0.28	0.765
0.28	0.764

0.28	0.79
0.281	0.79
0.281	0.791
0.28	0.791
0.28	0.79

0.28	0.805
0.281	0.805
0.281	0.806
0.28	0.806
0.28	0.805

0.28	0.807
0.281	0.807
0.281	0.808
0.28	0.808
0.28	0.807

0.28	0.852
0.281	0.852
0.281	0.853
0.28	0.853
0.28	0.852

0.28	0.865
0.281	0.865
0.281	0.866
0.28	0.866
0.28	0.865

0.28	0.866
0.281	0.866
0.281	0.867
0.28	0.867
0.28	0.866

0.281	0.765
0.282	0.765
0.282	0.766
0.281	0.766
0.281	0.765

0.281	0.789
0.282	0.789
0.282	0.79
0.281	0.79
0.281	0.789

0.281	0.809
0.282	0.809
0.282	0.81
0.281	0.81
0.281	0.809

0.281	0.821
0.282	0.821
0.282	0.822
0.281	0.822
0.281	0.821

0.281	0.822
0.282	0.822
0.282	0.823
0.281	0.823
0.281	0.822

0.281	0.823
0.282	0.823
0.282	0.824
0.281	0.824
0.281	0.823

0.281	0.824
0.282	0.824
0.282	0.825
0.281	0.825
0.281	0.824

0.281	0.852
0.282	0.852
0.282	0.853
0.281	0.853
0.281	0.852

0.281	0.854
0.282	0.854
0.282	0.855
0.281	0.855
0.281	0.854

0.281	0.855
0.282	0.855
0.282	0.856
0.281	0.856
0.281	0.855

0.281	0.863
0.282	0.863
0.282	0.864
0.281	0.864
0.281	0.863

0.282	0.809
0.283	0.809
0.283	0.81
0.282	0.81
0.282	0.809

0.282	0.82
0.283	0.82
0.283	0.821
0.282	0.821
0.282	0.82

0.282	0.821
0.283	0.821
0.283	0.822
0.282	0.822
0.282	0.821

0.282	0.857
0.283	0.857
0.283	0.858
0.282	0.858
0.282	0.857

0.282	0.863
0.283	0.863
0.283	0.864
0.282	0.864
0.282	0.863

0.283	0.766
0.284	0.766
0.284	0.767
0.283	0.767
0.283	0.766

0.283	0.776
0.284	0.776
0.284	0.777
0.283	0.777
0.283	0.776

0.283	0.777
0.284	0.777
0.284	0.778
0.283	0.778
0.283	0.777

0.283	0.788
0.284	0.788
0.284	0.789
0.283	0.789
0.283	0.788

0.283	0.79
0.284	0.79
0.284	0.791
0.283	0.791
0.283	0.79

0.283	0.81
0.284	0.81
0.284	0.811
0.283	0.811
0.283	0.81

0.283	0.825
0.284	0.825
0.284	0.826
0.283	0.826
0.283	0.825

0.283	0.858
0.284	0.858
0.284	0.859
0.283	0.859
0.283	0.858

0.283	0.862
0.284	0.862
0.284	0.863
0.283	0.863
0.283	0.862

0.284	0.767
0.285	0.767
0.285	0.768
0.284	0.768
0.284	0.767

0.284	0.776
0.285	0.776
0.285	0.777
0.284	0.777
0.284	0.776

0.284	0.781
0.285	0.781
0.285	0.782
0.284	0.782
0.284	0.781

0.284	0.783
0.285	0.783
0.285	0.784
0.284	0.784
0.284	0.783

0.284	0.785
0.285	0.785
0.285	0.786
0.284	0.786
0.284	0.785

0.284	0.787
0.285	0.787
0.285	0.788
0.284	0.788
0.284	0.787

0.284	0.789
0.285	0.789
0.285	0.79
0.284	0.79
0.284	0.789

0.284	0.811
0.285	0.811
0.285	0.812
0.284	0.812
0.284	0.811

0.284	0.813
0.285	0.813
0.285	0.814
0.284	0.814
0.284	0.813

0.284	0.814
0.285	0.814
0.285	0.815
0.284	0.815
0.284	0.814

0.284	0.817
0.285	0.817
0.285	0.818
0.284	0.818
0.284	0.817

0.284	0.819
0.285	0.819
0.285	0.82
0.284	0.82
0.284	0.819

0.284	0.82
0.285	0.82
0.285	0.821
0.284	0.821
0.284	0.82

0.284	0.825
0.285	0.825
0.285	0.826
0.284	0.826
0.284	0.825

0.284	0.859
0.285	0.859
0.285	0.86
0.284	0.86
0.284	0.859

0.284	0.861
0.285	0.861
0.285	0.862
0.284	0.862
0.284	0.861

0.285	0.768
0.286	0.768
0.286	0.769
0.285	0.769
0.285	0.768

0.285	0.778
0.286	0.778
0.286	0.779
0.285	0.779
0.285	0.778

0.285	0.78
0.286	0.78
0.286	0.781
0.285	0.781
0.285	0.78

0.285	0.79
0.286	0.79
0.286	0.791
0.285	0.791
0.285	0.79

0.285	0.816
0.286	0.816
0.286	0.817
0.285	0.817
0.285	0.816

0.286	0.77
0.287	0.77
0.287	0.771
0.286	0.771
0.286	0.77

0.286	0.771
0.287	0.771
0.287	0.772
0.286	0.772
0.286	0.771

0.286	0.776
0.287	0.776
0.287	0.777
0.286	0.777
0.286	0.776

0.286	0.826
0.287	0.826
0.287	0.827
0.286	0.827
0.286	0.826

0.287	0.772
0.288	0.772
0.288	0.773
0.287	0.773
0.287	0.772

0.287	0.775
0.288	0.775
0.288	0.776
0.287	0.776
0.287	0.775

0.287	0.825
0.288	0.825
0.288	0.826
0.287	0.826
0.287	0.825

0.288	0.774
0.289	0.774
0.289	0.775
0.288	0.775
0.288	0.774

0.288	0.826
0.289	0.826
0.289	0.827
0.288	0.827
0.288	0.826

0.289	0.827
0.29	0.827
0.29	0.828
0.289	0.828
0.289	0.827

0.291	0.828
0.292	0.828
0.292	0.829
0.291	0.829
0.291	0.828

0.291	0.829
0.292	0.829
0.292	0.83
0.291	0.83
0.291	0.829

0.292	0.83
0.293	0.83
0.293	0.831
0.292	0.831
0.292	0.83

0.292	0.831
0.293	0.831
0.293	0.832
0.292	0.832
0.292	0.831

0.292	0.832
0.293	0.832
0.293	0.833
0.292	0.833
0.292	0.832

0.293	0.833
0.294	0.833
0.294	0.834
0.293	0.834
0.293	0.833

0.293	0.834
0.294	0.834
0.294	0.835
0.293	0.835
0.293	0.834

0.294	0.834
0.295	0.834
0.295	0.835
0.294	0.835
0.294	0.834

0.295	0.833
0.296	0.833
0.296	0.834
0.295	0.834
0.295	0.833

0.295	0.834
0.296	0.834
0.296	0.835
0.295	0.835
0.295	0.834

0.296	0.835
0.297	0.835
0.297	0.836
0.296	0.836
0.296	0.835

0.296	0.836
0.297	0.836
0.297	0.837
0.296	0.837
0.296	0.836

0.297	0.836
0.298	0.836
0.298	0.837
0.297	0.837
0.297	0.836

0.298	0.836
0.299	0.836
0.299	0.837
0.298	0.837
0.298	0.836

0.299	0.837
0.3	0.837
0.3	0.838
0.299	0.838
0.299	0.837

0.3	0.839
0.301	0.839
0.301	0.84
0.3	0.84
0.3	0.839

0.3	0.84
0.301	0.84
0.301	0.841
0.3	0.841
0.3	0.84

0.3	0.842
0.301	0.842
0.301	0.843
0.3	0.843
0.3	0.842

0.301	0.838
0.302	0.838
0.302	0.839
0.301	0.839
0.301	0.838

0.302	0.842
0.303	0.842
0.303	0.843
0.302	0.843
0.302	0.842

0.303	0.842
0.304	0.842
0.304	0.843
0.303	0.843
0.303	0.842

0.304	0.842
0.305	0.842
0.305	0.843
0.304	0.843
0.304	0.842

0.306	0.843
0.307	0.843
0.307	0.844
0.306	0.844
0.306	0.843

0.307	0.844
0.308	0.844
0.308	0.845
0.307	0.845
0.307	0.844

0.309	0.845
0.31	0.845
0.31	0.846
0.309	0.846
0.309	0.845

0.31	0.847
0.311	0.847
0.311	0.848
0.31	0.848
0.31	0.847

0.311	0.848
0.312	0.848
0.312	0.849
0.311	0.849
0.311	0.848

0.313	0.849
0.314	0.849
0.314	0.85
0.313	0.85
0.313	0.849

0.314	0.85
0.315	0.85
0.315	0.851
0.314	0.851
0.314	0.85

0.316	0.851
0.317	0.851
0.317	0.852
0.316	0.852
0.316	0.851

0.317	0.851
0.318	0.851
0.318	0.852
0.317	0.852
0.317	0.851

0.318	0.852
0.319	0.852
0.319	0.853
0.318	0.853
0.318	0.852

0.318	0.855
0.319	0.855
0.319	0.856
0.318	0.856
0.318	0.855

0.319	0.856
0.32	0.856
0.32	0.857
0.319	0.857
0.319	0.856

0.32	0.853
0.321	0.853
0.321	0.854
0.32	0.854
0.32	0.853

0.32	0.858
0.321	0.858
0.321	0.859
0.32	0.859
0.32	0.858

0.321	0.857
0.322	0.857
0.322	0.858
0.321	0.858
0.321	0.857

0.322	0.855
0.323	0.855
0.323	0.856
0.322	0.856
0.322	0.855

0.323	0.855
0.324	0.855
0.324	0.856
0.323	0.856
0.323	0.855

0.325	0.855
0.326	0.855
0.326	0.856
0.325	0.856
0.325	0.855

0.326	0.856
0.327	0.856
0.327	0.857
0.326	0.857
0.326	0.856

0.328	0.856
0.329	0.856
0.329	0.857
0.328	0.857
0.328	0.856

0.329	0.855
0.33	0.855
0.33	0.856
0.329	0.856
0.329	0.855

0.33	0.971
0.331	0.971
0.331	0.972
0.33	0.972
0.33	0.971

0.331	0.855
0.332	0.855
0.332	0.856
0.331	0.856
0.331	0.855

0.331	0.97
0.332	0.97
0.332	0.971
0.331	0.971
0.331	0.97

0.331	0.973
0.332	0.973
0.332	0.974
0.331	0.974
0.331	0.973

0.332	0.855
0.333	0.855
0.333	0.856
0.332	0.856
0.332	0.855

0.332	0.972
0.333	0.972
0.333	0.973
0.332	0.973
0.332	0.972

0.333	0.852
0.334	0.852
0.334	0.853
0.333	0.853
0.333	0.852

0.333	0.854
0.334	0.854
0.334	0.855
0.333	0.855
0.333	0.854

0.333	0.974
0.334	0.974
0.334	0.975
0.333	0.975
0.333	0.974

0.334	0.971
0.335	0.971
0.335	0.972
0.334	0.972
0.334	0.971

0.334	0.972
0.335	0.972
0.335	0.973
0.334	0.973
0.334	0.972

0.334	0.974
0.335	0.974
0.335	0.975
0.334	0.975
0.334	0.974

0.335	0.852
0.336	0.852
0.336	0.853
0.335	0.853
0.335	0.852

0.335	0.867
0.336	0.867
0.336	0.868
0.335	0.868
0.335	0.867

0.335	0.969
0.336	0.969
0.336	0.97
0.335	0.97
0.335	0.969

0.336	0.85
0.337	0.85
0.337	0.851
0.336	0.851
0.336	0.85

0.336	0.851
0.337	0.851
0.337	0.852
0.336	0.852
0.336	0.851

0.336	0.864
0.337	0.864
0.337	0.865
0.336	0.865
0.336	0.864

0.336	0.865
0.337	0.865
0.337	0.866
0.336	0.866
0.336	0.865

0.336	0.965
0.337	0.965
0.337	0.966
0.336	0.966
0.336	0.965

0.336	0.966
0.337	0.966
0.337	0.967
0.336	0.967
0.336	0.966

0.336	0.967
0.337	0.967
0.337	0.968
0.336	0.968
0.336	0.967

0.336	0.974
0.337	0.974
0.337	0.975
0.336	0.975
0.336	0.974

0.337	0.866
0.338	0.866
0.338	0.867
0.337	0.867
0.337	0.866

0.337	0.867
0.338	0.867
0.338	0.868
0.337	0.868
0.337	0.867

0.337	0.962
0.338	0.962
0.338	0.963
0.337	0.963
0.337	0.962

0.337	0.963
0.338	0.963
0.338	0.964
0.337	0.964
0.337	0.963

0.338	0.849
0.339	0.849
0.339	0.85
0.338	0.85
0.338	0.849

0.338	0.851
0.339	0.851
0.339	0.852
0.338	0.852
0.338	0.851

0.338	0.856
0.339	0.856
0.339	0.857
0.338	0.857
0.338	0.856

0.338	0.864
0.339	0.864
0.339	0.865
0.338	0.865
0.338	0.864

0.338	0.961
0.339	0.961
0.339	0.962
0.338	0.962
0.338	0.961

0.338	0.974
0.339	0.974
0.339	0.975
0.338	0.975
0.338	0.974

0.338	0.976
0.339	0.976
0.339	0.977
0.338	0.977
0.338	0.976

0.339	0.852
0.34	0.852
0.34	0.853
0.339	0.853
0.339	0.852

0.339	0.855
0.34	0.855
0.34	0.856
0.339	0.856
0.339	0.855

0.339	0.858
0.34	0.858
0.34	0.859
0.339	0.859
0.339	0.858

0.339	0.859
0.34	0.859
0.34	0.86
0.339	0.86
0.339	0.859

0.339	0.867
0.34	0.867
0.34	0.868
0.339	0.868
0.339	0.867

0.339	0.961
0.34	0.961
0.34	0.962
0.339	0.962
0.339	0.961

0.339	0.978
0.34	0.978
0.34	0.979
0.339	0.979
0.339	0.978

0.34	0.853
0.341	0.853
0.341	0.854
0.34	0.854
0.34	0.853

0.34	0.864
0.341	0.864
0.341	0.865
0.34	0.865
0.34	0.864

0.34	0.867
0.341	0.867
0.341	0.868
0.34	0.868
0.34	0.867

0.34	0.869
0.341	0.869
0.341	0.87
0.34	0.87
0.34	0.869

0.34	0.87
0.341	0.87
0.341	0.871
0.34	0.871
0.34	0.87

0.34	0.96
0.341	0.96
0.341	0.961
0.34	0.961
0.34	0.96

0.34	0.979
0.341	0.979
0.341	0.98
0.34	0.98
0.34	0.979

0.341	0.86
0.342	0.86
0.342	0.861
0.341	0.861
0.341	0.86

0.341	0.872
0.342	0.872
0.342	0.873
0.341	0.873
0.341	0.872

0.341	0.874
0.342	0.874
0.342	0.875
0.341	0.875
0.341	0.874

0.341	0.875
0.342	0.875
0.342	0.876
0.341	0.876
0.341	0.875

0.341	0.902
0.342	0.902
0.342	0.903
0.341	0.903
0.341	0.902

0.341	0.903
0.342	0.903
0.342	0.904
0.341	0.904
0.341	0.903

0.341	0.978
0.342	0.978
0.342	0.979
0.341	0.979
0.341	0.978

0.342	0.862
0.343	0.862
0.343	0.863
0.342	0.863
0.342	0.862

0.342	0.863
0.343	0.863
0.343	0.864
0.342	0.864
0.342	0.863

0.342	0.875
0.343	0.875
0.343	0.876
0.342	0.876
0.342	0.875

0.342	0.876
0.343	0.876
0.343	0.877
0.342	0.877
0.342	0.876

0.342	0.878
0.343	0.878
0.343	0.879
0.342	0.879
0.342	0.878

0.342	0.9
0.343	0.9
0.343	0.901
0.342	0.901
0.342	0.9

0.342	0.904
0.343	0.904
0.343	0.905
0.342	0.905
0.342	0.904

0.342	0.958
0.343	0.958
0.343	0.959
0.342	0.959
0.342	0.958

0.343	0.879
0.344	0.879
0.344	0.88
0.343	0.88
0.343	0.879

0.343	0.881
0.344	0.881
0.344	0.882
0.343	0.882
0.343	0.881

0.343	0.899
0.344	0.899
0.344	0.9
0.343	0.9
0.343	0.899

0.343	0.957
0.344	0.957
0.344	0.958
0.343	0.958
0.343	0.957

0.344	0.882
0.345	0.882
0.345	0.883
0.344	0.883
0.344	0.882

0.344	0.884
0.345	0.884
0.345	0.885
0.344	0.885
0.344	0.884

0.344	0.898
0.345	0.898
0.345	0.899
0.344	0.899
0.344	0.898

0.344	0.904
0.345	0.904
0.345	0.905
0.344	0.905
0.344	0.904

0.344	0.952
0.345	0.952
0.345	0.953
0.344	0.953
0.344	0.952

0.344	0.953
0.345	0.953
0.345	0.954
0.344	0.954
0.344	0.953

0.344	0.956
0.345	0.956
0.345	0.957
0.344	0.957
0.344	0.956

0.345	0.886
0.346	0.886
0.346	0.887
0.345	0.887
0.345	0.886

0.345	0.887
0.346	0.887
0.346	0.888
0.345	0.888
0.345	0.887

0.345	0.898
0.346	0.898
0.346	0.899
0.345	0.899
0.345	0.898

0.345	0.95
0.346	0.95
0.346	0.951
0.345	0.951
0.345	0.95

0.345	0.954
0.346	0.954
0.346	0.955
0.345	0.955
0.345	0.954

0.345	0.955
0.346	0.955
0.346	0.956
0.345	0.956
0.345	0.955

0.346	0.889
0.347	0.889
0.347	0.89
0.346	0.89
0.346	0.889

0.346	0.903
0.347	0.903
0.347	0.904
0.346	0.904
0.346	0.903

0.346	0.905
0.347	0.905
0.347	0.906
0.346	0.906
0.346	0.905

0.347	0.891
0.348	0.891
0.348	0.892
0.347	0.892
0.347	0.891

0.347	0.892
0.348	0.892
0.348	0.893
0.347	0.893
0.347	0.892

0.347	0.898
0.348	0.898
0.348	0.899
0.347	0.899
0.347	0.898

0.347	0.904
0.348	0.904
0.348	0.905
0.347	0.905
0.347	0.904

0.347	0.907
0.348	0.907
0.348	0.908
0.347	0.908
0.347	0.907

0.347	0.909
0.348	0.909
0.348	0.91
0.347	0.91
0.347	0.909

0.347	0.949
0.348	0.949
0.348	0.95
0.347	0.95
0.347	0.949

0.348	0.893
0.349	0.893
0.349	0.894
0.348	0.894
0.348	0.893

0.348	0.896
0.349	0.896
0.349	0.897
0.348	0.897
0.348	0.896

0.348	0.897
0.349	0.897
0.349	0.898
0.348	0.898
0.348	0.897

0.348	0.948
0.349	0.948
0.349	0.949
0.348	0.949
0.348	0.948

0.349	0.895
0.35	0.895
0.35	0.896
0.349	0.896
0.349	0.895

0.349	0.908
0.35	0.908
0.35	0.909
0.349	0.909
0.349	0.908

0.349	0.917
0.35	0.917
0.35	0.918
0.349	0.918
0.349	0.917

0.35	0.909
0.351	0.909
0.351	0.91
0.35	0.91
0.35	0.909

0.35	0.911
0.351	0.911
0.351	0.912
0.35	0.912
0.35	0.911

0.35	0.948
0.351	0.948
0.351	0.949
0.35	0.949
0.35	0.948

0.351	0.913
0.352	0.913
0.352	0.914
0.351	0.914
0.351	0.913

0.351	0.914
0.352	0.914
0.352	0.915
0.351	0.915
0.351	0.914

0.351	0.915
0.352	0.915
0.352	0.916
0.351	0.916
0.351	0.915

0.351	0.917
0.352	0.917
0.352	0.918
0.351	0.918
0.351	0.917

0.351	0.947
0.352	0.947
0.352	0.948
0.351	0.948
0.351	0.947

0.352	0.948
0.353	0.948
0.353	0.949
0.352	0.949
0.352	0.948

0.353	0.916
0.354	0.916
0.354	0.917
0.353	0.917
0.353	0.916

0.354	0.916
0.355	0.916
0.355	0.917
0.354	0.917
0.354	0.916

0.354	0.942
0.355	0.942
0.355	0.943
0.354	0.943
0.354	0.942

0.354	0.943
0.355	0.943
0.355	0.944
0.354	0.944
0.354	0.943

0.354	0.945
0.355	0.945
0.355	0.946
0.354	0.946
0.354	0.945

0.354	0.949
0.355	0.949
0.355	0.95
0.354	0.95
0.354	0.949

0.355	0.938
0.356	0.938
0.356	0.939
0.355	0.939
0.355	0.938

0.355	0.94
0.356	0.94
0.356	0.941
0.355	0.941
0.355	0.94

0.355	0.946
0.356	0.946
0.356	0.947
0.355	0.947
0.355	0.946

0.356	0.915
0.357	0.915
0.357	0.916
0.356	0.916
0.356	0.915

0.356	0.935
0.357	0.935
0.357	0.936
0.356	0.936
0.356	0.935

0.356	0.936
0.357	0.936
0.357	0.937
0.356	0.937
0.356	0.936

0.356	0.947
0.357	0.947
0.357	0.948
0.356	0.948
0.356	0.947

0.356	0.949
0.357	0.949
0.357	0.95
0.356	0.95
0.356	0.949

0.357	0.913
0.358	0.913
0.358	0.914
0.357	0.914
0.357	0.913

0.357	0.914
0.358	0.914
0.358	0.915
0.357	0.915
0.357	0.914

0.357	0.916
0.358	0.916
0.358	0.917
0.357	0.917
0.357	0.916

0.357	0.929
0.358	0.929
0.358	0.93
0.357	0.93
0.357	0.929

0.357	0.932
0.358	0.932
0.358	0.933
0.357	0.933
0.357	0.932

0.357	0.934
0.358	0.934
0.358	0.935
0.357	0.935
0.357	0.934

0.358	0.914
0.359	0.914
0.359	0.915
0.358	0.915
0.358	0.914

0.358	0.917
0.359	0.917
0.359	0.918
0.358	0.918
0.358	0.917

0.358	0.93
0.359	0.93
0.359	0.931
0.358	0.931
0.358	0.93

0.359	0.918
0.36	0.918
0.36	0.919
0.359	0.919
0.359	0.918

0.359	0.926
0.36	0.926
0.36	0.927
0.359	0.927
0.359	0.926

0.359	0.927
0.36	0.927
0.36	0.928
0.359	0.928
0.359	0.927

0.359	0.929
0.36	0.929
0.36	0.93
0.359	0.93
0.359	0.929

0.36	0.919
0.361	0.919
0.361	0.92
0.36	0.92
0.36	0.919

0.36	0.924
0.361	0.924
0.361	0.925
0.36	0.925
0.36	0.924

0.361	0.921
0.362	0.921
0.362	0.922
0.361	0.922
0.361	0.921

0.361	0.925
0.362	0.925
0.362	0.926
0.361	0.926
0.361	0.925

0.362	0.922
0.363	0.922
0.363	0.923
0.362	0.923
0.362	0.922

0.362	0.923
0.363	0.923
0.363	0.924
0.362	0.924
0.362	0.923

0.524	0.438
0.525	0.438
0.525	0.439
0.524	0.439
0.524	0.438

0.525	0.437
0.526	0.437
0.526	0.438
0.525	0.438
0.525	0.437

0.526	0.436
0.527	0.436
0.527	0.437
0.526	0.437
0.526	0.436

0.527	0.431
0.528	0.431
0.528	0.432
0.527	0.432
0.527	0.431

0.527	0.434
0.528	0.434
0.528	0.435
0.527	0.435
0.527	0.434

0.528	0.431
0.529	0.431
0.529	0.432
0.528	0.432
0.528	0.431

0.528	0.433
0.529	0.433
0.529	0.434
0.528	0.434
0.528	0.433

0.53	0.428
0.531	0.428
0.531	0.429
0.53	0.429
0.53	0.428

0.53	0.43
0.531	0.43
0.531	0.431
0.53	0.431
0.53	0.43

0.532	0.428
0.533	0.428
0.533	0.429
0.532	0.429
0.532	0.428

0.533	0.43
0.534	0.43
0.534	0.431
0.533	0.431
0.533	0.43

0.534	0.432
0.535	0.432
0.535	0.433
0.534	0.433
0.534	0.432

0.534	0.433
0.535	0.433
0.535	0.434
0.534	0.434
0.534	0.433

0.534	0.435
0.535	0.435
0.535	0.436
0.534	0.436
0.534	0.435

0.535	0.436
0.536	0.436
0.536	0.437
0.535	0.437
0.535	0.436

0.536	0.435
0.537	0.435
0.537	0.436
0.536	0.436
0.536	0.435

0.537	0.433
0.538	0.433
0.538	0.434
0.537	0.434
0.537	0.433

0.538	0.434
0.539	0.434
0.539	0.435
0.538	0.435
0.538	0.434

0.538	0.436
0.539	0.436
0.539	0.437
0.538	0.437
0.538	0.436

0.54	0.436
0.541	0.436
0.541	0.437
0.54	0.437
0.54	0.436

0.541	0.437
0.542	0.437
0.542	0.438
0.541	0.438
0.541	0.437

0.542	0.438
0.543	0.438
0.543	0.439
0.542	0.439
0.542	0.438

0.543	0.437
0.544	0.437
0.544	0.438
0.543	0.438
0.543	0.437

0.544	0.437
0.545	0.437
0.545	0.438
0.544	0.438
0.544	0.437

0.545	0.438
0.546	0.438
0.546	0.439
0.545	0.439
0.545	0.438

0.547	0.439
0.548	0.439
0.548	0.44
0.547	0.44
0.547	0.439

0.548	0.439
0.549	0.439
0.549	0.44
0.548	0.44
0.548	0.439

0.55	0.44
0.551	0.44
0.551	0.441
0.55	0.441
0.55	0.44

0.55	0.524
0.551	0.524
0.551	0.525
0.55	0.525
0.55	0.524

0.55	0.525
0.551	0.525
0.551	0.526
0.55	0.526
0.55	0.525

0.551	0.521
0.552	0.521
0.552	0.522
0.551	0.522
0.551	0.521

0.551	0.523
0.552	0.523
0.552	0.524
0.551	0.524
0.551	0.523

0.551	0.526
0.552	0.526
0.552	0.527
0.551	0.527
0.551	0.526

0.552	0.441
0.553	0.441
0.553	0.442
0.552	0.442
0.552	0.441

0.552	0.522
0.553	0.522
0.553	0.523
0.552	0.523
0.552	0.522

0.553	0.519
0.554	0.519
0.554	0.52
0.553	0.52
0.553	0.519

0.553	0.527
0.554	0.527
0.554	0.528
0.553	0.528
0.553	0.527

0.553	0.528
0.554	0.528
0.554	0.529
0.553	0.529
0.553	0.528

0.553	0.565
0.554	0.565
0.554	0.566
0.553	0.566
0.553	0.565

0.553	0.569
0.554	0.569
0.554	0.57
0.553	0.57
0.553	0.569

0.553	0.571
0.554	0.571
0.554	0.572
0.553	0.572
0.553	0.571

0.554	0.441
0.555	0.441
0.555	0.442
0.554	0.442
0.554	0.441

0.554	0.518
0.555	0.518
0.555	0.519
0.554	0.519
0.554	0.518

0.554	0.53
0.555	0.53
0.555	0.531
0.554	0.531
0.554	0.53

0.554	0.561
0.555	0.561
0.555	0.562
0.554	0.562
0.554	0.561

0.554	0.563
0.555	0.563
0.555	0.564
0.554	0.564
0.554	0.563

0.554	0.566
0.555	0.566
0.555	0.567
0.554	0.567
0.554	0.566

0.554	0.567
0.555	0.567
0.555	0.568
0.554	0.568
0.554	0.567

0.554	0.572
0.555	0.572
0.555	0.573
0.554	0.573
0.554	0.572

0.555	0.442
0.556	0.442
0.556	0.443
0.555	0.443
0.555	0.442

0.555	0.519
0.556	0.519
0.556	0.52
0.555	0.52
0.555	0.519

0.555	0.53
0.556	0.53
0.556	0.531
0.555	0.531
0.555	0.53

0.555	0.558
0.556	0.558
0.556	0.559
0.555	0.559
0.555	0.558

0.555	0.56
0.556	0.56
0.556	0.561
0.555	0.561
0.555	0.56

0.555	0.573
0.556	0.573
0.556	0.574
0.555	0.574
0.555	0.573

0.556	0.531
0.557	0.531
0.557	0.532
0.556	0.532
0.556	0.531

0.556	0.533
0.557	0.533
0.557	0.534
0.556	0.534
0.556	0.533

0.556	0.553
0.557	0.553
0.557	0.554
0.556	0.554
0.556	0.553

0.556	0.555
0.557	0.555
0.557	0.556
0.556	0.556
0.556	0.555

0.556	0.557
0.557	0.557
0.557	0.558
0.556	0.558
0.556	0.557

0.556	0.573
0.557	0.573
0.557	0.574
0.556	0.574
0.556	0.573

0.557	0.442
0.558	0.442
0.558	0.443
0.557	0.443
0.557	0.442

0.557	0.448
0.558	0.448
0.558	0.449
0.557	0.449
0.557	0.448

0.557	0.45
0.558	0.45
0.558	0.451
0.557	0.451
0.557	0.45

0.557	0.452
0.558	0.452
0.558	0.453
0.557	0.453
0.557	0.452

0.557	0.52
0.558	0.52
0.558	0.521
0.557	0.521
0.557	0.52

0.557	0.535
0.558	0.535
0.558	0.536
0.557	0.536
0.557	0.535

0.557	0.554
0.558	0.554
0.558	0.555
0.557	0.555
0.557	0.554

0.557	0.575
0.558	0.575
0.558	0.576
0.557	0.576
0.557	0.575

0.558	0.447
0.559	0.447
0.559	0.448
0.558	0.448
0.558	0.447

0.558	0.449
0.559	0.449
0.559	0.45
0.558	0.45
0.558	0.449

0.558	0.453
0.559	0.453
0.559	0.454
0.558	0.454
0.558	0.453

0.558	0.454
0.559	0.454
0.559	0.455
0.558	0.455
0.558	0.454

0.558	0.456
0.559	0.456
0.559	0.457
0.558	0.457
0.558	0.456

0.558	0.51
0.559	0.51
0.559	0.511
0.558	0.511
0.558	0.51

0.558	0.512
0.559	0.512
0.559	0.513
0.558	0.513
0.558	0.512

0.558	0.513
0.559	0.513
0.559	0.514
0.558	0.514
0.558	0.513

0.558	0.516
0.559	0.516
0.559	0.517
0.558	0.517
0.558	0.516

0.558	0.517
0.559	0.517
0.559	0.518
0.558	0.518
0.558	0.517

0.558	0.518
0.559	0.518
0.559	0.519
0.558	0.519
0.558	0.518

0.558	0.536
0.559	0.536
0.559	0.537
0.558	0.537
0.558	0.536

0.558	0.553
0.559	0.553
0.559	0.554
0.558	0.554
0.558	0.553

0.558	0.576
0.559	0.576
0.559	0.577
0.558	0.577
0.558	0.576

0.559	0.443
0.56	0.443
0.56	0.444
0.559	0.444
0.559	0.443

0.559	0.445
0.56	0.445
0.56	0.446
0.559	0.446
0.559	0.445

0.559	0.504
0.56	0.504
0.56	0.505
0.559	0.505
0.559	0.504

0.559	0.508
0.56	0.508
0.56	0.509
0.559	0.509
0.559	0.508

0.559	0.514
0.56	0.514
0.56	0.515
0.559	0.515
0.559	0.514

0.559	0.515
0.56	0.515
0.56	0.516
0.559	0.516
0.559	0.515

0.559	0.537
0.56	0.537
0.56	0.538
0.559	0.538
0.559	0.537

0.559	0.54
0.56	0.54
0.56	0.541
0.559	0.541
0.559	0.54

0.559	0.541
0.56	0.541
0.56	0.542
0.559	0.542
0.559	0.541

0.559	0.542
0.56	0.542
0.56	0.543
0.559	0.543
0.559	0.542

0.559	0.544
0.56	0.544
0.56	0.545
0.559	0.545
0.559	0.544

0.559	0.546
0.56	0.546
0.56	0.547
0.559	0.547
0.559	0.546

0.559	0.547
0.56	0.547
0.56	0.548
0.559	0.548
0.559	0.547

0.559	0.549
0.56	0.549
0.56	0.55
0.559	0.55
0.559	0.549

0.559	0.55
0.56	0.55
0.56	0.551
0.559	0.551
0.559	0.55

0.559	0.552
0.56	0.552
0.56	0.553
0.559	0.553
0.559	0.552

0.559	0.577
0.56	0.577
0.56	0.578
0.559	0.578
0.559	0.577

0.56	0.444
0.561	0.444
0.561	0.445
0.56	0.445
0.56	0.444

0.56	0.456
0.561	0.456
0.561	0.457
0.56	0.457
0.56	0.456

0.56	0.458
0.561	0.458
0.561	0.459
0.56	0.459
0.56	0.458

0.56	0.503
0.561	0.503
0.561	0.504
0.56	0.504
0.56	0.503

0.56	0.505
0.561	0.505
0.561	0.506
0.56	0.506
0.56	0.505

0.56	0.507
0.561	0.507
0.561	0.508
0.56	0.508
0.56	0.507

0.56	0.539
0.561	0.539
0.561	0.54
0.56	0.54
0.56	0.539

0.56	0.578
0.561	0.578
0.561	0.579
0.56	0.579
0.56	0.578

0.56	0.58
0.561	0.58
0.561	0.581
0.56	0.581
0.56	0.58

0.561	0.459
0.562	0.459
0.562	0.46
0.561	0.46
0.561	0.459

0.561	0.461
0.562	0.461
0.562	0.462
0.561	0.462
0.561	0.461

0.561	0.497
0.562	0.497
0.562	0.498
0.561	0.498
0.561	0.497

0.561	0.498
0.562	0.498
0.562	0.499
0.561	0.499
0.561	0.498

0.561	0.503
0.562	0.503
0.562	0.504
0.561	0.504
0.561	0.503

0.561	0.581
0.562	0.581
0.562	0.582
0.561	0.582
0.561	0.581

0.562	0.462
0.563	0.462
0.563	0.463
0.562	0.463
0.562	0.462

0.562	0.5
0.563	0.5
0.563	0.501
0.562	0.501
0.562	0.5

0.562	0.501
0.563	0.501
0.563	0.502
0.562	0.502
0.562	0.501

0.562	0.582
0.563	0.582
0.563	0.583
0.562	0.583
0.562	0.582

0.563	0.463
0.564	0.463
0.564	0.464
0.563	0.464
0.563	0.463

0.563	0.464
0.564	0.464
0.564	0.465
0.563	0.465
0.563	0.464

0.563	0.497
0.564	0.497
0.564	0.498
0.563	0.498
0.563	0.497

0.563	0.501
0.564	0.501
0.564	0.502
0.563	0.502
0.563	0.501

0.563	0.584
0.564	0.584
0.564	0.585
0.563	0.585
0.563	0.584

0.564	0.465
0.565	0.465
0.565	0.466
0.564	0.466
0.564	0.465

0.564	0.496
0.565	0.496
0.565	0.497
0.564	0.497
0.564	0.496

0.564	0.585
0.565	0.585
0.565	0.586
0.564	0.586
0.564	0.585

0.565	0.587
0.566	0.587
0.566	0.588
0.565	0.588
0.565	0.587

0.566	0.464
0.567	0.464
0.567	0.465
0.566	0.465
0.566	0.464

0.566	0.497
0.567	0.497
0.567	0.498
0.566	0.498
0.566	0.497

0.566	0.588
0.567	0.588
0.567	0.589
0.566	0.589
0.566	0.588

0.567	0.464
0.568	0.464
0.568	0.465
0.567	0.465
0.567	0.464

0.567	0.496
0.568	0.496
0.568	0.497
0.567	0.497
0.567	0.496

0.568	0.465
0.569	0.465
0.569	0.466
0.568	0.466
0.568	0.465

0.568	0.468
0.569	0.468
0.569	0.469
0.568	0.469
0.568	0.468

0.568	0.492
0.569	0.492
0.569	0.493
0.568	0.493
0.568	0.492

0.568	0.495
0.569	0.495
0.569	0.496
0.568	0.496
0.568	0.495

0.568	0.588
0.569	0.588
0.569	0.589
0.568	0.589
0.568	0.588

0.569	0.466
0.57	0.466
0.57	0.467
0.569	0.467
0.569	0.466

0.569	0.469
0.57	0.469
0.57	0.47
0.569	0.47
0.569	0.469

0.569	0.492
0.57	0.492
0.57	0.493
0.569	0.493
0.569	0.492

0.569	0.493
0.57	0.493
0.57	0.494
0.569	0.494
0.569	0.493

0.569	0.59
0.57	0.59
0.57	0.591
0.569	0.591
0.569	0.59

0.57	0.47
0.571	0.47
0.571	0.471
0.57	0.471
0.57	0.47

0.57	0.471
0.571	0.471
0.571	0.472
0.57	0.472
0.57	0.471

0.57	0.59
0.571	0.59
0.571	0.591
0.57	0.591
0.57	0.59

0.571	0.471
0.572	0.471
0.572	0.472
0.571	0.472
0.571	0.471

0.571	0.477
0.572	0.477
0.572	0.478
0.571	0.478
0.571	0.477

0.571	0.479
0.572	0.479
0.572	0.48
0.571	0.48
0.571	0.479

0.571	0.48
0.572	0.48
0.572	0.481
0.571	0.481
0.571	0.48

0.571	0.482
0.572	0.482
0.572	0.483
0.571	0.483
0.571	0.482

0.571	0.493
0.572	0.493
0.572	0.494
0.571	0.494
0.571	0.493

0.571	0.589
0.572	0.589
0.572	0.59
0.571	0.59
0.571	0.589

0.572	0.472
0.573	0.472
0.573	0.473
0.572	0.473
0.572	0.472

0.572	0.473
0.573	0.473
0.573	0.474
0.572	0.474
0.572	0.473

0.572	0.483
0.573	0.483
0.573	0.484
0.572	0.484
0.572	0.483

0.572	0.485
0.573	0.485
0.573	0.486
0.572	0.486
0.572	0.485

0.572	0.487
0.573	0.487
0.573	0.488
0.572	0.488
0.572	0.487

0.572	0.494
0.573	0.494
0.573	0.495
0.572	0.495
0.572	0.494

0.573	0.474
0.574	0.474
0.574	0.475
0.573	0.475
0.573	0.474

0.573	0.477
0.574	0.477
0.574	0.478
0.573	0.478
0.573	0.477

0.573	0.488
0.574	0.488
0.574	0.489
0.573	0.489
0.573	0.488

0.573	0.585
0.574	0.585
0.574	0.586
0.573	0.586
0.573	0.585

0.573	0.589
0.574	0.589
0.574	0.59
0.573	0.59
0.573	0.589

0.573	0.59
0.574	0.59
0.574	0.591
0.573	0.591
0.573	0.59

0.574	0.476
0.575	0.476
0.575	0.477
0.574	0.477
0.574	0.476

0.574	0.494
0.575	0.494
0.575	0.495
0.574	0.495
0.574	0.494

0.574	0.587
0.575	0.587
0.575	0.588
0.574	0.588
0.574	0.587

0.575	0.488
0.576	0.488
0.576	0.489
0.575	0.489
0.575	0.488

0.575	0.49
0.576	0.49
0.576	0.491
0.575	0.491
0.575	0.49

0.575	0.491
0.576	0.491
0.576	0.492
0.575	0.492
0.575	0.491

0.575	0.493
0.576	0.493
0.576	0.494
0.575	0.494
0.575	0.493

0.575	0.583
0.576	0.583
0.576	0.584
0.575	0.584
0.575	0.583

0.575	0.584
0.576	0.584
0.576	0.585
0.575	0.585
0.575	0.584

0.577	0.581
0.578	0.581
0.578	0.582
0.577	0.582
0.577	0.581

0.577	0.582
0.578	0.582
0.578	0.583
0.577	0.583
0.577	0.582

0.579	0.581
0.58	0.581
0.58	0.582
0.579	0.582
0.579	0.581

0.579	0.582
0.58	0.582
0.58	0.583
0.579	0.583
0.579	0.582

0.579	0.583
0.58	0.583
0.58	0.584
0.579	0.584
0.579	0.583

0.58	0.584
0.581	0.584
0.581	0.585
0.58	0.585
0.58	0.584

0.581	0.582
0.582	0.582
0.582	0.583
0.581	0.583
0.581	0.582

0.583	0.581
0.584	0.581
0.584	0.582
0.583	0.582
0.583	0.581

0.584	0.58
0.585	0.58
0.585	0.581
0.584	0.581
0.584	0.58

0.584	0.582
0.585	0.582
0.585	0.583
0.584	0.583
0.584	0.582

0.585	0.583
0.586	0.583
0.586	0.584
0.585	0.584
0.585	0.583

0.587	0.583
0.588	0.583
0.588	0.584
0.587	0.584
0.587	0.583

0.588	0.583
0.589	0.583
0.589	0.584
0.588	0.584
0.588	0.583

0.589	0.582
0.59	0.582
0.59	0.583
0.589	0.583
0.589	0.582

0.59	0.578
0.591	0.578
0.591	0.579
0.59	0.579
0.59	0.578

0.591	0.577
0.592	0.577
0.592	0.578
0.591	0.578
0.591	0.577

0.591	0.579
0.592	0.579
0.592	0.58
0.591	0.58
0.591	0.579

0.591	0.581
0.592	0.581
0.592	0.582
0.591	0.582
0.591	0.581

0.591	0.582
0.592	0.582
0.592	0.583
0.591	0.583
0.591	0.582

0.593	0.575
0.594	0.575
0.594	0.576
0.593	0.576
0.593	0.575

0.594	0.574
0.595	0.574
0.595	0.575
0.594	0.575
0.594	0.574

0.595	0.573
0.596	0.573
0.596	0.574
0.595	0.574
0.595	0.573

0.597	0.572
0.598	0.572
0.598	0.573
0.597	0.573
0.597	0.572

0.598	0.571
0.599	0.571
0.599	0.572
0.598	0.572
0.598	0.571

0.599	0.573
0.6	0.573
0.6	0.574
0.599	0.574
0.599	0.573

0.6	0.573
0.601	0.573
0.601	0.574
0.6	0.574
0.6	0.573

0.602	0.573
0.603	0.573
0.603	0.574
0.602	0.574
0.602	0.573

0.602	0.574
0.603	0.574
0.603	0.575
0.602	0.575
0.602	0.574

0.603	0.573
0.604	0.573
0.604	0.574
0.603	0.574
0.603	0.573

0.604	0.572
0.605	0.572
0.605	0.573
0.604	0.573
0.604	0.572

0.605	0.572
0.606	0.572
0.606	0.573
0.605	0.573
0.605	0.572

0.606	0.565
0.607	0.565
0.607	0.566
0.606	0.566
0.606	0.565

0.607	0.564
0.608	0.564
0.608	0.565
0.607	0.565
0.607	0.564

0.607	0.566
0.608	0.566
0.608	0.567
0.607	0.567
0.607	0.566

0.607	0.57
0.608	0.57
0.608	0.571
0.607	0.571
0.607	0.57

0.607	0.571
0.608	0.571
0.608	0.572
0.607	0.572
0.607	0.571

0.608	0.565
0.609	0.565
0.609	0.566
0.608	0.566
0.608	0.565

0.608	0.569
0.609	0.569
0.609	0.57
0.608	0.57
0.608	0.569

0.609	0.568
0.61	0.568
0.61	0.569
0.609	0.569
0.609	0.568

0.61	0.566
0.611	0.566
0.611	0.567
0.61	0.567
0.61	0.566

0.611	0.565
0.612	0.565
0.612	0.566
0.611	0.566
0.611	0.565

0.613	0.561
0.614	0.561
0.614	0.562
0.613	0.562
0.613	0.561

0.613	0.562
0.614	0.562
0.614	0.563
0.613	0.563
0.613	0.562

0.613	0.564
0.614	0.564
0.614	0.565
0.613	0.565
0.613	0.564

0.614	0.56
0.615	0.56
0.615	0.561
0.614	0.561
0.614	0.56

0.615	0.558
0.616	0.558
0.616	0.559
0.615	0.559
0.615	0.558

0.615	0.559
0.616	0.559
0.616	0.56
0.615	0.56
0.615	0.559

0.616	0.558
0.617	0.558
0.617	0.559
0.616	0.559
0.616	0.558

0.617	0.56
0.618	0.56
0.618	0.561
0.617	0.561
0.617	0.56

0.618	0.561
0.619	0.561
0.619	0.562
0.618	0.562
0.618	0.561

0.619	0.56
0.62	0.56
0.62	0.561
0.619	0.561
0.619	0.56

0.62	0.56
0.621	0.56
0.621	0.561
0.62	0.561
0.62	0.56

0.622	0.56
0.623	0.56
0.623	0.561
0.622	0.561
0.622	0.56

0.623	0.559
0.624	0.559
0.624	0.56
0.623	0.56
0.623	0.559

0.624	0.558
0.625	0.558
0.625	0.559
0.624	0.559
0.624	0.558

0.624	0.559
0.625	0.559
0.625	0.56
0.624	0.56
0.624	0.559

0.625	0.561
0.626	0.561
0.626	0.562
0.625	0.562
0.625	0.561

0.625	0.562
0.626	0.562
0.626	0.563
0.625	0.563
0.625	0.562

0.627	0.56
0.628	0.56
0.628	0.561
0.627	0.561
0.627	0.56

0.627	0.561
0.628	0.561
0.628	0.562
0.627	0.562
0.627	0.561

0.627	0.562
0.628	0.562
0.628	0.563
0.627	0.563
0.627	0.562

0.627	0.563
0.628	0.563
0.628	0.564
0.627	0.564
0.627	0.563

0.627	0.564
0.628	0.564
0.628	0.565
0.627	0.565
0.627	0.564

0.627	0.565
0.628	0.565
0.628	0.566
0.627	0.566
0.627	0.565

0.629	0.566
0.63	0.566
0.63	0.567
0.629	0.567
0.629	0.566

0.63	0.567
0.631	0.567
0.631	0.568
0.63	0.568
0.63	0.567

0.632	0.567
0.633	0.567
0.633	0.568
0.632	0.568
0.632	0.567

0.632	0.569
0.633	0.569
0.633	0.57
0.632	0.57
0.632	0.569

0.633	0.566
0.634	0.566
0.634	0.567
0.633	0.567
0.633	0.566

0.633	0.567
0.634	0.567
0.634	0.568
0.633	0.568
0.633	0.567

0.634	0.57
0.635	0.57
0.635	0.571
0.634	0.571
0.634	0.57

0.635	0.571
0.636	0.571
0.636	0.572
0.635	0.572
0.635	0.571

0.636	0.572
0.637	0.572
0.637	0.573
0.636	0.573
0.636	0.572

0.638	0.573
0.639	0.573
0.639	0.574
0.638	0.574
0.638	0.573

0.639	0.573
0.64	0.573
0.64	0.574
0.639	0.574
0.639	0.573

0.64	0.572
0.641	0.572
0.641	0.573
0.64	0.573
0.64	0.572

0.64	0.573
0.641	0.573
0.641	0.574
0.64	0.574
0.64	0.573

0.641	0.574
0.642	0.574
0.642	0.575
0.641	0.575
0.641	0.574

0.643	0.575
0.644	0.575
0.644	0.576
0.643	0.576
0.643	0.575

0.644	0.576
0.645	0.576
0.645	0.577
0.644	0.577
0.644	0.576

0.646	0.577
0.647	0.577
0.647	0.578
0.646	0.578
0.646	0.577

0.646	0.579
0.647	0.579
0.647	0.58
0.646	0.58
0.646	0.579

0.647	0.579
0.648	0.579
0.648	0.58
0.647	0.58
0.647	0.579

0.648	0.578
0.649	0.578
0.649	0.579
0.648	0.579
0.648	0.578

0.649	0.577
0.65	0.577
0.65	0.578
0.649	0.578
0.649	0.577

0.651	0.277
0.652	0.277
0.652	0.278
0.651	0.278
0.651	0.277

0.651	0.278
0.652	0.278
0.652	0.279
0.651	0.279
0.651	0.278

0.651	0.283
0.652	0.283
0.652	0.284
0.651	0.284
0.651	0.283

0.651	0.284
0.652	0.284
0.652	0.285
0.651	0.285
0.651	0.284

0.651	0.577
0.652	0.577
0.652	0.578
0.651	0.578
0.651	0.577

0.652	0.276
0.653	0.276
0.653	0.277
0.652	0.277
0.652	0.276

0.652	0.278
0.653	0.278
0.653	0.279
0.652	0.279
0.652	0.278

0.652	0.281
0.653	0.281
0.653	0.282
0.652	0.282
0.652	0.281

0.652	0.282
0.653	0.282
0.653	0.283
0.652	0.283
0.652	0.282

0.652	0.579
0.653	0.579
0.653	0.58
0.652	0.58
0.652	0.579

0.653	0.275
0.654	0.275
0.654	0.276
0.653	0.276
0.653	0.275

0.653	0.279
0.654	0.279
0.654	0.28
0.653	0.28
0.653	0.279

0.653	0.285
0.654	0.285
0.654	0.286
0.653	0.286
0.653	0.285

0.653	0.579
0.654	0.579
0.654	0.58
0.653	0.58
0.653	0.579

0.654	0.27
0.655	0.27
0.655	0.271
0.654	0.271
0.654	0.27

0.654	0.287
0.655	0.287
0.655	0.288
0.654	0.288
0.654	0.287

0.655	0.269
0.656	0.269
0.656	0.27
0.655	0.27
0.655	0.269

0.655	0.275
0.656	0.275
0.656	0.276
0.655	0.276
0.655	0.275

0.656	0.263
0.657	0.263
0.657	0.264
0.656	0.264
0.656	0.263

0.656	0.264
0.657	0.264
0.657	0.265
0.656	0.265
0.656	0.264

0.656	0.266
0.657	0.266
0.657	0.267
0.656	0.267
0.656	0.266

0.656	0.268
0.657	0.268
0.657	0.269
0.656	0.269
0.656	0.268

0.656	0.27
0.657	0.27
0.657	0.271
0.656	0.271
0.656	0.27

0.656	0.271
0.657	0.271
0.657	0.272
0.656	0.272
0.656	0.271

0.656	0.275
0.657	0.275
0.657	0.276
0.656	0.276
0.656	0.275

0.656	0.286
0.657	0.286
0.657	0.287
0.656	0.287
0.656	0.286

0.657	0.258
0.658	0.258
0.658	0.259
0.657	0.259
0.657	0.258

0.657	0.26
0.658	0.26
0.658	0.261
0.657	0.261
0.657	0.26

0.657	0.262
0.658	0.262
0.658	0.263
0.657	0.263
0.657	0.262

0.657	0.273
0.658	0.273
0.658	0.274
0.657	0.274
0.657	0.273

0.657	0.288
0.658	0.288
0.658	0.289
0.657	0.289
0.657	0.288

0.658	0.255
0.659	0.255
0.659	0.256
0.658	0.256
0.658	0.255

0.658	0.257
0.659	0.257
0.659	0.258
0.658	0.258
0.658	0.257

0.658	0.271
0.659	0.271
0.659	0.272
0.658	0.272
0.658	0.271

0.658	0.289
0.659	0.289
0.659	0.29
0.658	0.29
0.658	0.289

0.659	0.254
0.66	0.254
0.66	0.255
0.659	0.255
0.659	0.254

0.659	0.288
0.66	0.288
0.66	0.289
0.659	0.289
0.659	0.288

0.659	0.289
0.66	0.289
0.66	0.29
0.659	0.29
0.659	0.289

0.66	0.289
0.661	0.289
0.661	0.29
0.66	0.29
0.66	0.289

0.661	0.254
0.662	0.254
0.662	0.255
0.661	0.255
0.661	0.254

0.661	0.291
0.662	0.291
0.662	0.292
0.661	0.292
0.661	0.291

0.662	0.255
0.663	0.255
0.663	0.256
0.662	0.256
0.662	0.255

0.662	0.291
0.663	0.291
0.663	0.292
0.662	0.292
0.662	0.291

0.663	0.255
0.664	0.255
0.664	0.256
0.663	0.256
0.663	0.255

0.663	0.293
0.664	0.293
0.664	0.294
0.663	0.294
0.663	0.293

0.664	0.252
0.665	0.252
0.665	0.253
0.664	0.253
0.664	0.252

0.664	0.254
0.665	0.254
0.665	0.255
0.664	0.255
0.664	0.254

0.664	0.293
0.665	0.293
0.665	0.294
0.664	0.294
0.664	0.293

0.664	0.295
0.665	0.295
0.665	0.296
0.664	0.296
0.664	0.295

0.664	0.296
0.665	0.296
0.665	0.297
0.664	0.297
0.664	0.296

0.664	0.297
0.665	0.297
0.665	0.298
0.664	0.298
0.664	0.297

0.664	0.299
0.665	0.299
0.665	0.3
0.664	0.3
0.664	0.299

0.665	0.251
0.666	0.251
0.666	0.252
0.665	0.252
0.665	0.251

0.665	0.255
0.666	0.255
0.666	0.256
0.665	0.256
0.665	0.255

0.665	0.296
0.666	0.296
0.666	0.297
0.665	0.297
0.665	0.296

0.665	0.301
0.666	0.301
0.666	0.302
0.665	0.302
0.665	0.301

0.665	0.318
0.666	0.318
0.666	0.319
0.665	0.319
0.665	0.318

0.665	0.322
0.666	0.322
0.666	0.323
0.665	0.323
0.665	0.322

0.666	0.302
0.667	0.302
0.667	0.303
0.666	0.303
0.666	0.302

0.666	0.303
0.667	0.303
0.667	0.304
0.666	0.304
0.666	0.303

0.666	0.319
0.667	0.319
0.667	0.32
0.666	0.32
0.666	0.319

0.666	0.321
0.667	0.321
0.667	0.322
0.666	0.322
0.666	0.321

0.667	0.249
0.668	0.249
0.668	0.25
0.667	0.25
0.667	0.249

0.667	0.304
0.668	0.304
0.668	0.305
0.667	0.305
0.667	0.304

0.667	0.306
0.668	0.306
0.668	0.307
0.667	0.307
0.667	0.306

0.667	0.308
0.668	0.308
0.668	0.309
0.667	0.309
0.667	0.308

0.667	0.31
0.668	0.31
0.668	0.311
0.667	0.311
0.667	0.31

0.667	0.312
0.668	0.312
0.668	0.313
0.667	0.313
0.667	0.312

0.667	0.313
0.668	0.313
0.668	0.314
0.667	0.314
0.667	0.313

0.667	0.315
0.668	0.315
0.668	0.316
0.667	0.316
0.667	0.315

0.667	0.317
0.668	0.317
0.668	0.318
0.667	0.318
0.667	0.317

0.667	0.322
0.668	0.322
0.668	0.323
0.667	0.323
0.667	0.322

0.668	0.246
0.669	0.246
0.669	0.247
0.668	0.247
0.668	0.246

0.668	0.248
0.669	0.248
0.669	0.249
0.668	0.249
0.668	0.248

0.668	0.317
0.669	0.317
0.669	0.318
0.668	0.318
0.668	0.317

0.668	0.321
0.669	0.321
0.669	0.322
0.668	0.322
0.668	0.321

0.669	0.245
0.67	0.245
0.67	0.246
0.669	0.246
0.669	0.245

0.669	0.317
0.67	0.317
0.67	0.318
0.669	0.318
0.669	0.317

0.67	0.244
0.671	0.244
0.671	0.245
0.67	0.245
0.67	0.244

0.671	0.243
0.672	0.243
0.672	0.244
0.671	0.244
0.671	0.243

0.673	0.241
0.674	0.241
0.674	0.242
0.673	0.242
0.673	0.241

0.673	0.244
0.674	0.244
0.674	0.245
0.673	0.245
0.673	0.244

0.674	0.24
0.675	0.24
0.675	0.241
0.674	0.241
0.674	0.24

0.675	0.239
0.676	0.239
0.676	0.24
0.675	0.24
0.675	0.239

0.676	0.238
0.677	0.238
0.677	0.239
0.676	0.239
0.676	0.238

0.676	0.875
0.677	0.875
0.677	0.876
0.676	0.876
0.676	0.875

0.677	0.237
0.678	0.237
0.678	0.238
0.677	0.238
0.677	0.237

0.677	0.876
0.678	0.876
0.678	0.877
0.677	0.877
0.677	0.876

0.678	0.871
0.679	0.871
0.679	0.872
0.678	0.872
0.678	0.871

0.678	0.873
0.679	0.873
0.679	0.874
0.678	0.874
0.678	0.873

0.679	0.237
0.68	0.237
0.68	0.238
0.679	0.238
0.679	0.237

0.679	0.876
0.68	0.876
0.68	0.877
0.679	0.877
0.679	0.876

0.68	0.237
0.681	0.237
0.681	0.238
0.68	0.238
0.68	0.237

0.68	0.87
0.681	0.87
0.681	0.871
0.68	0.871
0.68	0.87

0.68	0.877
0.681	0.877
0.681	0.878
0.68	0.878
0.68	0.877

0.68	0.879
0.681	0.879
0.681	0.88
0.68	0.88
0.68	0.879

0.681	0.235
0.682	0.235
0.682	0.236
0.681	0.236
0.681	0.235

0.681	0.237
0.682	0.237
0.682	0.238
0.681	0.238
0.681	0.237

0.681	0.867
0.682	0.867
0.682	0.868
0.681	0.868
0.681	0.867

0.681	0.869
0.682	0.869
0.682	0.87
0.681	0.87
0.681	0.869

0.681	0.88
0.682	0.88
0.682	0.881
0.681	0.881
0.681	0.88

0.682	0.239
0.683	0.239
0.683	0.24
0.682	0.24
0.682	0.239

0.682	0.867
0.683	0.867
0.683	0.868
0.682	0.868
0.682	0.867

0.683	0.239
0.684	0.239
0.684	0.24
0.683	0.24
0.683	0.239

0.683	0.88
0.684	0.88
0.684	0.881
0.683	0.881
0.683	0.88

0.684	0.239
0.685	0.239
0.685	0.24
0.684	0.24
0.684	0.239

0.684	0.863
0.685	0.863
0.685	0.864
0.684	0.864
0.684	0.863

0.684	0.864
0.685	0.864
0.685	0.865
0.684	0.865
0.684	0.864

0.684	0.866
0.685	0.866
0.685	0.867
0.684	0.867
0.684	0.866

0.684	0.88
0.685	0.88
0.685	0.881
0.684	0.881
0.684	0.88

0.685	0.88
0.686	0.88
0.686	0.881
0.685	0.881
0.685	0.88

0.686	0.239
0.687	0.239
0.687	0.24
0.686	0.24
0.686	0.239

0.686	0.863
0.687	0.863
0.687	0.864
0.686	0.864
0.686	0.863

0.687	0.239
0.688	0.239
0.688	0.24
0.687	0.24
0.687	0.239

0.687	0.88
0.688	0.88
0.688	0.881
0.687	0.881
0.687	0.88

0.688	0.862
0.689	0.862
0.689	0.863
0.688	0.863
0.688	0.862

0.688	0.881
0.689	0.881
0.689	0.882
0.688	0.882
0.688	0.881

0.689	0.238
0.69	0.238
0.69	0.239
0.689	0.239
0.689	0.238

0.689	0.862
0.69	0.862
0.69	0.863
0.689	0.863
0.689	0.862

0.689	0.881
0.69	0.881
0.69	0.882
0.689	0.882
0.689	0.881

0.69	0.237
0.691	0.237
0.691	0.238
0.69	0.238
0.69	0.237

0.69	0.238
0.691	0.238
0.691	0.239
0.69	0.239
0.69	0.238

0.69	0.879
0.691	0.879
0.691	0.88
0.69	0.88
0.69	0.879

0.691	0.238
0.692	0.238
0.692	0.239
0.691	0.239
0.691	0.238

0.691	0.862
0.692	0.862
0.692	0.863
0.691	0.863
0.691	0.862

0.692	0.239
0.693	0.239
0.693	0.24
0.692	0.24
0.692	0.239

0.692	0.879
0.693	0.879
0.693	0.88
0.692	0.88
0.692	0.879

0.693	0.236
0.694	0.236
0.694	0.237
0.693	0.237
0.693	0.236

0.693	0.237
0.694	0.237
0.694	0.238
0.693	0.238
0.693	0.237

0.693	0.239
0.694	0.239
0.694	0.24
0.693	0.24
0.693	0.239

0.693	0.862
0.694	0.862
0.694	0.863
0.693	0.863
0.693	0.862

0.693	0.879
0.694	0.879
0.694	0.88
0.693	0.88
0.693	0.879

0.693	0.884
0.694	0.884
0.694	0.885
0.693	0.885
0.693	0.884

0.694	0.235
0.695	0.235
0.695	0.236
0.694	0.236
0.694	0.235

0.694	0.861
0.695	0.861
0.695	0.862
0.694	0.862
0.694	0.861

0.694	0.883
0.695	0.883
0.695	0.884
0.694	0.884
0.694	0.883

0.694	0.885
0.695	0.885
0.695	0.886
0.694	0.886
0.694	0.885

0.694	0.887
0.695	0.887
0.695	0.888
0.694	0.888
0.694	0.887

0.695	0.861
0.696	0.861
0.696	0.862
0.695	0.862
0.695	0.861

0.695	0.879
0.696	0.879
0.696	0.88
0.695	0.88
0.695	0.879

0.695	0.88
0.696	0.88
0.696	0.881
0.695	0.881
0.695	0.88

0.695	0.881
0.696	0.881
0.696	0.882
0.695	0.882
0.695	0.881

0.695	0.889
0.696	0.889
0.696	0.89
0.695	0.89
0.695	0.889

0.696	0.231
0.697	0.231
0.697	0.232
0.696	0.232
0.696	0.231

0.696	0.233
0.697	0.233
0.697	0.234
0.696	0.234
0.696	0.233

0.696	0.234
0.697	0.234
0.697	0.235
0.696	0.235
0.696	0.234

0.697	0.231
0.698	0.231
0.698	0.232
0.697	0.232
0.697	0.231

0.697	0.861
0.698	0.861
0.698	0.862
0.697	0.862
0.697	0.861

0.697	0.887
0.698	0.887
0.698	0.888
0.697	0.888
0.697	0.887

0.698	0.229
0.699	0.229
0.699	0.23
0.698	0.23
0.698	0.229

0.698	0.861
0.699	0.861
0.699	0.862
0.698	0.862
0.698	0.861

0.698	0.886
0.699	0.886
0.699	0.887
0.698	0.887
0.698	0.886

0.699	0.229
0.7	0.229
0.7	0.23
0.699	0.23
0.699	0.229

0.699	0.887
0.7	0.887
0.7	0.888
0.699	0.888
0.699	0.887

0.7	0.23
0.701	0.23
0.701	0.231
0.7	0.231
0.7	0.23

0.7	0.861
0.701	0.861
0.701	0.862
0.7	0.862
0.7	0.861

0.701	0.861
0.702	0.861
0.702	0.862
0.701	0.862
0.701	0.861

0.701	0.888
0.702	0.888
0.702	0.889
0.701	0.889
0.701	0.888

0.702	0.229
0.703	0.229
0.703	0.23
0.702	0.23
0.702	0.229

0.702	0.862
0.703	0.862
0.703	0.863
0.702	0.863
0.702	0.862

0.703	0.228
0.704	0.228
0.704	0.229
0.703	0.229
0.703	0.228

0.703	0.862
0.704	0.862
0.704	0.863
0.703	0.863
0.703	0.862

0.703	0.889
0.704	0.889
0.704	0.89
0.703	0.89
0.703	0.889

0.703	0.89
0.704	0.89
0.704	0.891
0.703	0.891
0.703	0.89

0.703	0.891
0.704	0.891
0.704	0.892
0.703	0.892
0.703	0.891

0.704	0.892
0.705	0.892
0.705	0.893
0.704	0.893
0.704	0.892

0.705	0.227
0.706	0.227
0.706	0.228
0.705	0.228
0.705	0.227

0.705	0.861
0.706	0.861
0.706	0.862
0.705	0.862
0.705	0.861

0.705	0.894
0.706	0.894
0.706	0.895
0.705	0.895
0.705	0.894

0.706	0.226
0.707	0.226
0.707	0.227
0.706	0.227
0.706	0.226

0.706	0.86
0.707	0.86
0.707	0.861
0.706	0.861
0.706	0.86

0.706	0.894
0.707	0.894
0.707	0.895
0.706	0.895
0.706	0.894

0.707	0.227
0.708	0.227
0.708	0.228
0.707	0.228
0.707	0.227

0.707	0.861
0.708	0.861
0.708	0.862
0.707	0.862
0.707	0.861

0.708	0.228
0.709	0.228
0.709	0.229
0.708	0.229
0.708	0.228

0.708	0.859
0.709	0.859
0.709	0.86
0.708	0.86
0.708	0.859

0.708	0.86
0.709	0.86
0.709	0.861
0.708	0.861
0.708	0.86

0.708	0.861
0.709	0.861
0.709	0.862
0.708	0.862
0.708	0.861

0.708	0.895
0.709	0.895
0.709	0.896
0.708	0.896
0.708	0.895

0.709	0.228
0.71	0.228
0.71	0.229
0.709	0.229
0.709	0.228

0.709	0.856
0.71	0.856
0.71	0.857
0.709	0.857
0.709	0.856

0.709	0.857
0.71	0.857
0.71	0.858
0.709	0.858
0.709	0.857

0.709	0.896
0.71	0.896
0.71	0.897
0.709	0.897
0.709	0.896

0.709	0.898
0.71	0.898
0.71	0.899
0.709	0.899
0.709	0.898

0.71	0.228
0.711	0.228
0.711	0.229
0.71	0.229
0.71	0.228

0.71	0.855
0.711	0.855
0.711	0.856
0.71	0.856
0.71	0.855

0.71	0.9
0.711	0.9
0.711	0.901
0.71	0.901
0.71	0.9

0.711	0.228
0.712	0.228
0.712	0.229
0.711	0.229
0.711	0.228

0.711	0.849
0.712	0.849
0.712	0.85
0.711	0.85
0.711	0.849

0.711	0.851
0.712	0.851
0.712	0.852
0.711	0.852
0.711	0.851

0.711	0.856
0.712	0.856
0.712	0.857
0.711	0.857
0.711	0.856

0.711	0.899
0.712	0.899
0.712	0.9
0.711	0.9
0.711	0.899

0.711	0.902
0.712	0.902
0.712	0.903
0.711	0.903
0.711	0.902

0.711	0.903
0.712	0.903
0.712	0.904
0.711	0.904
0.711	0.903

0.711	0.904
0.712	0.904
0.712	0.905
0.711	0.905
0.711	0.904

0.712	0.848
0.713	0.848
0.713	0.849
0.712	0.849
0.712	0.848

0.712	0.852
0.713	0.852
0.713	0.853
0.712	0.853
0.712	0.852

0.712	0.853
0.713	0.853
0.713	0.854
0.712	0.854
0.712	0.853

0.712	0.855
0.713	0.855
0.713	0.856
0.712	0.856
0.712	0.855

0.712	0.856
0.713	0.856
0.713	0.857
0.712	0.857
0.712	0.856

0.712	0.903
0.713	0.903
0.713	0.904
0.712	0.904
0.712	0.903

0.713	0.227
0.714	0.227
0.714	0.228
0.713	0.228
0.713	0.227

0.713	0.857
0.714	0.857
0.714	0.858
0.713	0.858
0.713	0.857

0.714	0.848
0.715	0.848
0.715	0.849
0.714	0.849
0.714	0.848

0.714	0.902
0.715	0.902
0.715	0.903
0.714	0.903
0.714	0.902

0.715	0.224
0.716	0.224
0.716	0.225
0.715	0.225
0.715	0.224

0.715	0.226
0.716	0.226
0.716	0.227
0.715	0.227
0.715	0.226

0.715	0.227
0.716	0.227
0.716	0.228
0.715	0.228
0.715	0.227

0.715	0.847
0.716	0.847
0.716	0.848
0.715	0.848
0.715	0.847

0.715	0.902
0.716	0.902
0.716	0.903
0.715	0.903
0.715	0.902

0.715	0.952
0.716	0.952
0.716	0.953
0.715	0.953
0.715	0.952

0.715	0.953
0.716	0.953
0.716	0.954
0.715	0.954
0.715	0.953

0.716	0.848
0.717	0.848
0.717	0.849
0.716	0.849
0.716	0.848

0.716	0.9
0.717	0.9
0.717	0.901
0.716	0.901
0.716	0.9

0.716	0.95
0.717	0.95
0.717	0.951
0.716	0.951
0.716	0.95

0.716	0.954
0.717	0.954
0.717	0.955
0.716	0.955
0.716	0.954

0.717	0.223
0.718	0.223
0.718	0.224
0.717	0.224
0.717	0.223

0.717	0.846
0.718	0.846
0.718	0.847
0.717	0.847
0.717	0.846

0.717	0.9
0.718	0.9
0.718	0.901
0.717	0.901
0.717	0.9

0.717	0.949
0.718	0.949
0.718	0.95
0.717	0.95
0.717	0.949

0.718	0.223
0.719	0.223
0.719	0.224
0.718	0.224
0.718	0.223

0.718	0.845
0.719	0.845
0.719	0.846
0.718	0.846
0.718	0.845

0.718	0.847
0.719	0.847
0.719	0.848
0.718	0.848
0.718	0.847

0.718	0.901
0.719	0.901
0.719	0.902
0.718	0.902
0.718	0.901

0.718	0.948
0.719	0.948
0.719	0.949
0.718	0.949
0.718	0.948

0.718	0.954
0.719	0.954
0.719	0.955
0.718	0.955
0.718	0.954

0.719	0.842
0.72	0.842
0.72	0.843
0.719	0.843
0.719	0.842

0.719	0.844
0.72	0.844
0.72	0.845
0.719	0.845
0.719	0.844

0.719	0.901
0.72	0.901
0.72	0.902
0.719	0.902
0.719	0.901

0.719	0.946
0.72	0.946
0.72	0.947
0.719	0.947
0.719	0.946

0.72	0.221
0.721	0.221
0.721	0.222
0.72	0.222
0.72	0.221

0.72	0.222
0.721	0.222
0.721	0.223
0.72	0.223
0.72	0.222

0.72	0.842
0.721	0.842
0.721	0.843
0.72	0.843
0.72	0.842

0.72	0.844
0.721	0.844
0.721	0.845
0.72	0.845
0.72	0.844

0.72	0.945
0.721	0.945
0.721	0.946
0.72	0.946
0.72	0.945

0.72	0.954
0.721	0.954
0.721	0.955
0.72	0.955
0.72	0.954

0.72	0.956
0.721	0.956
0.721	0.957
0.72	0.957
0.72	0.956

0.721	0.22
0.722	0.22
0.722	0.221
0.721	0.221
0.721	0.22

0.721	0.9
0.722	0.9
0.722	0.901
0.721	0.901
0.721	0.9

0.721	0.942
0.722	0.942
0.722	0.943
0.721	0.943
0.721	0.942

0.721	0.943
0.722	0.943
0.722	0.944
0.721	0.944
0.721	0.943

0.721	0.957
0.722	0.957
0.722	0.958
0.721	0.958
0.721	0.957

0.722	0.842
0.723	0.842
0.723	0.843
0.722	0.843
0.722	0.842

0.722	0.843
0.723	0.843
0.723	0.844
0.722	0.844
0.722	0.843

0.722	0.844
0.723	0.844
0.723	0.845
0.722	0.845
0.722	0.844

0.722	0.9
0.723	0.9
0.723	0.901
0.722	0.901
0.722	0.9

0.722	0.94
0.723	0.94
0.723	0.941
0.722	0.941
0.722	0.94

0.722	0.958
0.723	0.958
0.723	0.959
0.722	0.959
0.722	0.958

0.723	0.219
0.724	0.219
0.724	0.22
0.723	0.22
0.723	0.219

0.723	0.844
0.724	0.844
0.724	0.845
0.723	0.845
0.723	0.844

0.723	0.899
0.724	0.899
0.724	0.9
0.723	0.9
0.723	0.899

0.723	0.939
0.724	0.939
0.724	0.94
0.723	0.94
0.723	0.939

0.723	0.957
0.724	0.957
0.724	0.958
0.723	0.958
0.723	0.957

0.724	0.219
0.725	0.219
0.725	0.22
0.724	0.22
0.724	0.219

0.724	0.845
0.725	0.845
0.725	0.846
0.724	0.846
0.724	0.845

0.725	0.899
0.726	0.899
0.726	0.9
0.725	0.9
0.725	0.899

0.725	0.937
0.726	0.937
0.726	0.938
0.725	0.938
0.725	0.937

0.725	0.939
0.726	0.939
0.726	0.94
0.725	0.94
0.725	0.939

0.725	0.956
0.726	0.956
0.726	0.957
0.725	0.957
0.725	0.956

0.726	0.218
0.727	0.218
0.727	0.219
0.726	0.219
0.726	0.218

0.726	0.845
0.727	0.845
0.727	0.846
0.726	0.846
0.726	0.845

0.726	0.934
0.727	0.934
0.727	0.935
0.726	0.935
0.726	0.934

0.726	0.936
0.727	0.936
0.727	0.937
0.726	0.937
0.726	0.936

0.726	0.955
0.727	0.955
0.727	0.956
0.726	0.956
0.726	0.955

0.727	0.216
0.728	0.216
0.728	0.217
0.727	0.217
0.727	0.216

0.727	0.843
0.728	0.843
0.728	0.844
0.727	0.844
0.727	0.843

0.727	0.899
0.728	0.899
0.728	0.9
0.727	0.9
0.727	0.899

0.727	0.955
0.728	0.955
0.728	0.956
0.727	0.956
0.727	0.955

0.727	0.956
0.728	0.956
0.728	0.957
0.727	0.957
0.727	0.956

0.728	0.215
0.729	0.215
0.729	0.216
0.728	0.216
0.728	0.215

0.728	0.84
0.729	0.84
0.729	0.841
0.728	0.841
0.728	0.84

0.728	0.842
0.729	0.842
0.729	0.843
0.728	0.843
0.728	0.842

0.728	0.918
0.729	0.918
0.729	0.919
0.728	0.919
0.728	0.918

0.728	0.919
0.729	0.919
0.729	0.92
0.728	0.92
0.728	0.919

0.728	0.921
0.729	0.921
0.729	0.922
0.728	0.922
0.728	0.921

0.728	0.923
0.729	0.923
0.729	0.924
0.728	0.924
0.728	0.923

0.728	0.925
0.729	0.925
0.729	0.926
0.728	0.926
0.728	0.925

0.728	0.93
0.729	0.93
0.729	0.931
0.728	0.931
0.728	0.93

0.728	0.932
0.729	0.932
0.729	0.933
0.728	0.933
0.728	0.932

0.728	0.934
0.729	0.934
0.729	0.935
0.728	0.935
0.728	0.934

0.728	0.958
0.729	0.958
0.729	0.959
0.728	0.959
0.728	0.958

0.729	0.839
0.73	0.839
0.73	0.84
0.729	0.84
0.729	0.839

0.729	0.899
0.73	0.899
0.73	0.9
0.729	0.9
0.729	0.899

0.729	0.909
0.73	0.909
0.73	0.91
0.729	0.91
0.729	0.909

0.729	0.91
0.73	0.91
0.73	0.911
0.729	0.911
0.729	0.91

0.729	0.912
0.73	0.912
0.73	0.913
0.729	0.913
0.729	0.912

0.729	0.913
0.73	0.913
0.73	0.914
0.729	0.914
0.729	0.913

0.729	0.914
0.73	0.914
0.73	0.915
0.729	0.915
0.729	0.914

0.729	0.915
0.73	0.915
0.73	0.916
0.729	0.916
0.729	0.915

0.729	0.917
0.73	0.917
0.73	0.918
0.729	0.918
0.729	0.917

0.729	0.926
0.73	0.926
0.73	0.927
0.729	0.927
0.729	0.926

0.729	0.927
0.73	0.927
0.73	0.928
0.729	0.928
0.729	0.927

0.729	0.929
0.73	0.929
0.73	0.93
0.729	0.93
0.729	0.929

0.729	0.933
0.73	0.933
0.73	0.934
0.729	0.934
0.729	0.933

0.73	0.214
0.731	0.214
0.731	0.215
0.73	0.215
0.73	0.214

0.73	0.9
0.731	0.9
0.731	0.901
0.73	0.901
0.73	0.9

0.73	0.901
0.731	0.901
0.731	0.902
0.73	0.902
0.73	0.901

0.73	0.904
0.731	0.904
0.731	0.905
0.73	0.905
0.73	0.904

0.73	0.934
0.731	0.934
0.731	0.935
0.73	0.935
0.73	0.934

0.73	0.959
0.731	0.959
0.731	0.96
0.73	0.96
0.73	0.959

0.73	0.961
0.731	0.961
0.731	0.962
0.73	0.962
0.73	0.961

0.731	0.213
0.732	0.213
0.732	0.214
0.731	0.214
0.731	0.213

0.731	0.837
0.732	0.837
0.732	0.838
0.731	0.838
0.731	0.837

0.731	0.838
0.732	0.838
0.732	0.839
0.731	0.839
0.731	0.838

0.731	0.902
0.732	0.902
0.732	0.903
0.731	0.903
0.731	0.902

0.731	0.905
0.732	0.905
0.732	0.906
0.731	0.906
0.731	0.905

0.731	0.908
0.732	0.908
0.732	0.909
0.731	0.909
0.731	0.908

0.731	0.96
0.732	0.96
0.732	0.961
0.731	0.961
0.731	0.96

0.731	0.963
0.732	0.963
0.732	0.964
0.731	0.964
0.731	0.963

0.732	0.214
0.733	0.214
0.733	0.215
0.732	0.215
0.732	0.214

0.732	0.835
0.733	0.835
0.733	0.836
0.732	0.836
0.732	0.835

0.732	0.907
0.733	0.907
0.733	0.908
0.732	0.908
0.732	0.907

0.732	0.964
0.733	0.964
0.733	0.965
0.732	0.965
0.732	0.964

0.733	0.211
0.734	0.211
0.734	0.212
0.733	0.212
0.733	0.211

0.733	0.212
0.734	0.212
0.734	0.213
0.733	0.213
0.733	0.212

0.733	0.834
0.734	0.834
0.734	0.835
0.733	0.835
0.733	0.834

0.733	0.906
0.734	0.906
0.734	0.907
0.733	0.907
0.733	0.906

0.733	0.965
0.734	0.965
0.734	0.966
0.733	0.966
0.733	0.965

0.734	0.834
0.735	0.834
0.735	0.835
0.734	0.835
0.734	0.834

0.734	0.966
0.735	0.966
0.735	0.967
0.734	0.967
0.734	0.966

0.735	0.209
0.736	0.209
0.736	0.21
0.735	0.21
0.735	0.209

0.735	0.834
0.736	0.834
0.736	0.835
0.735	0.835
0.735	0.834

0.735	0.968
0.736	0.968
0.736	0.969
0.735	0.969
0.735	0.968

0.736	0.208
0.737	0.208
0.737	0.209
0.736	0.209
0.736	0.208

0.736	0.209
0.737	0.209
0.737	0.21
0.736	0.21
0.736	0.209

0.736	0.833
0.737	0.833
0.737	0.834
0.736	0.834
0.736	0.833

0.737	0.206
0.738	0.206
0.738	0.207
0.737	0.207
0.737	0.206

0.737	0.209
0.738	0.209
0.738	0.21
0.737	0.21
0.737	0.209

0.737	0.832
0.738	0.832
0.738	0.833
0.737	0.833
0.737	0.832

0.737	0.967
0.738	0.967
0.738	0.968
0.737	0.968
0.737	0.967

0.738	0.204
0.739	0.204
0.739	0.205
0.738	0.205
0.738	0.204

0.738	0.205
0.739	0.205
0.739	0.206
0.738	0.206
0.738	0.205

0.738	0.826
0.739	0.826
0.739	0.827
0.738	0.827
0.738	0.826

0.738	0.828
0.739	0.828
0.739	0.829
0.738	0.829
0.738	0.828

0.738	0.83
0.739	0.83
0.739	0.831
0.738	0.831
0.738	0.83

0.738	0.831
0.739	0.831
0.739	0.832
0.738	0.832
0.738	0.831

0.738	0.967
0.739	0.967
0.739	0.968
0.738	0.968
0.738	0.967

0.739	0.203
0.74	0.203
0.74	0.204
0.739	0.204
0.739	0.203

0.739	0.832
0.74	0.832
0.74	0.833
0.739	0.833
0.739	0.832

0.739	0.969
0.74	0.969
0.74	0.97
0.739	0.97
0.739	0.969

0.74	0.831
0.741	0.831
0.741	0.832
0.74	0.832
0.74	0.831

0.74	0.97
0.741	0.97
0.741	0.971
0.74	0.971
0.74	0.97

0.741	0.204
0.742	0.204
0.742	0.205
0.741	0.205
0.741	0.204

0.742	0.205
0.743	0.205
0.743	0.206
0.742	0.206
0.742	0.205

0.742	0.207
0.743	0.207
0.743	0.208
0.742	0.208
0.742	0.207

0.742	0.971
0.743	0.971
0.743	0.972
0.742	0.972
0.742	0.971

0.743	0.207
0.744	0.207
0.744	0.208
0.743	0.208
0.743	0.207

0.743	0.97
0.744	0.97
0.744	0.971
0.743	0.971
0.743	0.97

0.743	0.971
0.744	0.971
0.744	0.972
0.743	0.972
0.743	0.971

0.744	0.208
0.745	0.208
0.745	0.209
0.744	0.209
0.744	0.208

0.744	0.97
0.745	0.97
0.745	0.971
0.744	0.971
0.744	0.97

0.745	0.208
0.746	0.208
0.746	0.209
0.745	0.209
0.745	0.208

0.745	0.969
0.746	0.969
0.746	0.97
0.745	0.97
0.745	0.969

0.746	0.968
0.747	0.968
0.747	0.969
0.746	0.969
0.746	0.968

0.746	0.97
0.747	0.97
0.747	0.971
0.746	0.971
0.746	0.97

0.746	0.971
0.747	0.971
0.747	0.972
0.746	0.972
0.746	0.971

0.746	0.972
0.747	0.972
0.747	0.973
0.746	0.973
0.746	0.972

0.747	0.208
0.748	0.208
0.748	0.209
0.747	0.209
0.747	0.208

0.747	0.973
0.748	0.973
0.748	0.974
0.747	0.974
0.747	0.973

0.748	0.972
0.749	0.972
0.749	0.973
0.748	0.973
0.748	0.972

0.749	0.209
0.75	0.209
0.75	0.21
0.749	0.21
0.749	0.209

0.749	0.21
0.75	0.21
0.75	0.211
0.749	0.211
0.749	0.21

0.749	0.967
0.75	0.967
0.75	0.968
0.749	0.968
0.749	0.967

0.749	0.968
0.75	0.968
0.75	0.969
0.749	0.969
0.749	0.968

0.749	0.97
0.75	0.97
0.75	0.971
0.749	0.971
0.749	0.97

0.75	0.966
0.751	0.966
0.751	0.967
0.75	0.967
0.75	0.966

0.751	0.211
0.752	0.211
0.752	0.212
0.751	0.212
0.751	0.211

0.752	0.965
0.753	0.965
0.753	0.966
0.752	0.966
0.752	0.965

0.753	0.211
0.754	0.211
0.754	0.212
0.753	0.212
0.753	0.211

0.754	0.211
0.755	0.211
0.755	0.212
0.754	0.212
0.754	0.211

0.754	0.964
0.755	0.964
0.755	0.965
0.754	0.965
0.754	0.964

0.755	0.208
0.756	0.208
0.756	0.209
0.755	0.209
0.755	0.208

0.755	0.209
0.756	0.209
0.756	0.21
0.755	0.21
0.755	0.209

0.755	0.964
0.756	0.964
0.756	0.965
0.755	0.965
0.755	0.964

0.757	0.208
0.758	0.208
0.758	0.209
0.757	0.209
0.757	0.208

0.757	0.963
0.758	0.963
0.758	0.964
0.757	0.964
0.757	0.963

0.758	0.159
0.759	0.159
0.759	0.16
0.758	0.16
0.758	0.159

0.758	0.207
0.759	0.207
0.759	0.208
0.758	0.208
0.758	0.207

0.758	0.963
0.759	0.963
0.759	0.964
0.758	0.964
0.758	0.963

0.759	0.158
0.76	0.158
0.76	0.159
0.759	0.159
0.759	0.158

0.759	0.161
0.76	0.161
0.76	0.162
0.759	0.162
0.759	0.161

0.759	0.162
0.76	0.162
0.76	0.163
0.759	0.163
0.759	0.162

0.759	0.163
0.76	0.163
0.76	0.164
0.759	0.164
0.759	0.163

0.759	0.206
0.76	0.206
0.76	0.207
0.759	0.207
0.759	0.206

0.759	0.964
0.76	0.964
0.76	0.965
0.759	0.965
0.759	0.964

0.759	0.966
0.76	0.966
0.76	0.967
0.759	0.967
0.759	0.966

0.76	0.157
0.761	0.157
0.761	0.158
0.76	0.158
0.76	0.157

0.76	0.164
0.761	0.164
0.761	0.165
0.76	0.165
0.76	0.164

0.76	0.166
0.761	0.166
0.761	0.167
0.76	0.167
0.76	0.166

0.76	0.167
0.761	0.167
0.761	0.168
0.76	0.168
0.76	0.167

0.76	0.204
0.761	0.204
0.761	0.205
0.76	0.205
0.76	0.204

0.761	0.151
0.762	0.151
0.762	0.152
0.761	0.152
0.761	0.151

0.761	0.157
0.762	0.157
0.762	0.158
0.761	0.158
0.761	0.157

0.761	0.203
0.762	0.203
0.762	0.204
0.761	0.204
0.761	0.203

0.761	0.205
0.762	0.205
0.762	0.206
0.761	0.206
0.761	0.205

0.761	0.966
0.762	0.966
0.762	0.967
0.761	0.967
0.761	0.966

0.762	0.152
0.763	0.152
0.763	0.153
0.762	0.153
0.762	0.152

0.762	0.156
0.763	0.156
0.763	0.157
0.762	0.157
0.762	0.156

0.762	0.169
0.763	0.169
0.763	0.17
0.762	0.17
0.762	0.169

0.762	0.202
0.763	0.202
0.763	0.203
0.762	0.203
0.762	0.202

0.762	0.965
0.763	0.965
0.763	0.966
0.762	0.966
0.762	0.965

0.763	0.151
0.764	0.151
0.764	0.152
0.763	0.152
0.763	0.151

0.763	0.153
0.764	0.153
0.764	0.154
0.763	0.154
0.763	0.153

0.763	0.169
0.764	0.169
0.764	0.17
0.763	0.17
0.763	0.169

0.763	0.203
0.764	0.203
0.764	0.204
0.763	0.204
0.763	0.203

0.763	0.205
0.764	0.205
0.764	0.206
0.763	0.206
0.763	0.205

0.764	0.151
0.765	0.151
0.765	0.152
0.764	0.152
0.764	0.151

0.764	0.155
0.765	0.155
0.765	0.156
0.764	0.156
0.764	0.155

0.764	0.156
0.765	0.156
0.765	0.157
0.764	0.157
0.764	0.156

0.764	0.171
0.765	0.171
0.765	0.172
0.764	0.172
0.764	0.171

0.764	0.205
0.765	0.205
0.765	0.206
0.764	0.206
0.764	0.205

0.764	0.966
0.765	0.966
0.765	0.967
0.764	0.967
0.764	0.966

0.765	0.154
0.766	0.154
0.766	0.155
0.765	0.155
0.765	0.154

0.765	0.172
0.766	0.172
0.766	0.173
0.765	0.173
0.765	0.172

0.765	0.204
0.766	0.204
0.766	0.205
0.765	0.205
0.765	0.204

0.765	0.206
0.766	0.206
0.766	0.207
0.765	0.207
0.765	0.206

0.765	0.966
0.766	0.966
0.766	0.967
0.765	0.967
0.765	0.966

0.766	0.151
0.767	0.151
0.767	0.152
0.766	0.152
0.766	0.151

0.766	0.173
0.767	0.173
0.767	0.174
0.766	0.174
0.766	0.173

0.766	0.175
0.767	0.175
0.767	0.176
0.766	0.176
0.766	0.175

0.766	0.207
0.767	0.207
0.767	0.208
0.766	0.208
0.766	0.207

0.767	0.15
0.768	0.15
0.768	0.151
0.767	0.151
0.767	0.15

0.767	0.176
0.768	0.176
0.768	0.177
0.767	0.177
0.767	0.176

0.767	0.206
0.768	0.206
0.768	0.207
0.767	0.207
0.767	0.206

0.767	0.966
0.768	0.966
0.768	0.967
0.767	0.967
0.767	0.966

0.768	0.149
0.769	0.149
0.769	0.15
0.768	0.15
0.768	0.149

0.768	0.205
0.769	0.205
0.769	0.206
0.768	0.206
0.768	0.205

0.768	0.966
0.769	0.966
0.769	0.967
0.768	0.967
0.768	0.966

0.769	0.147
0.77	0.147
0.77	0.148
0.769	0.148
0.769	0.147

0.769	0.177
0.77	0.177
0.77	0.178
0.769	0.178
0.769	0.177

0.769	0.178
0.77	0.178
0.77	0.179
0.769	0.179
0.769	0.178

0.769	0.205
0.77	0.205
0.77	0.206
0.769	0.206
0.769	0.205

0.769	0.967
0.77	0.967
0.77	0.968
0.769	0.968
0.769	0.967

0.77	0.146
0.771	0.146
0.771	0.147
0.77	0.147
0.77	0.146

0.77	0.179
0.771	0.179
0.771	0.18
0.77	0.18
0.77	0.179

0.77	0.967
0.771	0.967
0.771	0.968
0.77	0.968
0.77	0.967

0.771	0.145
0.772	0.145
0.772	0.146
0.771	0.146
0.771	0.145

0.771	0.181
0.772	0.181
0.772	0.182
0.771	0.182
0.771	0.181

0.771	0.204
0.772	0.204
0.772	0.205
0.771	0.205
0.771	0.204

0.771	0.205
0.772	0.205
0.772	0.206
0.771	0.206
0.771	0.205

0.771	0.965
0.772	0.965
0.772	0.966
0.771	0.966
0.771	0.965

0.772	0.182
0.773	0.182
0.773	0.183
0.772	0.183
0.772	0.182

0.772	0.966
0.773	0.966
0.773	0.967
0.772	0.967
0.772	0.966

0.773	0.145
0.774	0.145
0.774	0.146
0.773	0.146
0.773	0.145

0.773	0.182
0.774	0.182
0.774	0.183
0.773	0.183
0.773	0.182

0.773	0.184
0.774	0.184
0.774	0.185
0.773	0.185
0.773	0.184

0.773	0.189
0.774	0.189
0.774	0.19
0.773	0.19
0.773	0.189

0.773	0.19
0.774	0.19
0.774	0.191
0.773	0.191
0.773	0.19

0.773	0.192
0.774	0.192
0.774	0.193
0.773	0.193
0.773	0.192

0.773	0.203
0.774	0.203
0.774	0.204
0.773	0.204
0.773	0.203

0.774	0.144
0.775	0.144
0.775	0.145
0.774	0.145
0.774	0.144

0.774	0.185
0.775	0.185
0.775	0.186
0.774	0.186
0.774	0.185

0.774	0.187
0.775	0.187
0.775	0.188
0.774	0.188
0.774	0.187

0.774	0.193
0.775	0.193
0.775	0.194
0.774	0.194
0.774	0.193

0.774	0.194
0.775	0.194
0.775	0.195
0.774	0.195
0.774	0.194

0.774	0.966
0.775	0.966
0.775	0.967
0.774	0.967
0.774	0.966

0.775	0.144
0.776	0.144
0.776	0.145
0.775	0.145
0.775	0.144

0.775	0.202
0.776	0.202
0.776	0.203
0.775	0.203
0.775	0.202

0.775	0.203
0.776	0.203
0.776	0.204
0.775	0.204
0.775	0.203

0.775	0.967
0.776	0.967
0.776	0.968
0.775	0.968
0.775	0.967

0.776	0.195
0.777	0.195
0.777	0.196
0.776	0.196
0.776	0.195

0.776	0.198
0.777	0.198
0.777	0.199
0.776	0.199
0.776	0.198

0.776	0.2
0.777	0.2
0.777	0.201
0.776	0.201
0.776	0.2

0.776	0.201
0.777	0.201
0.777	0.202
0.776	0.202
0.776	0.201

0.777	0.141
0.778	0.141
0.778	0.142
0.777	0.142
0.777	0.141

0.777	0.144
0.778	0.144
0.778	0.145
0.777	0.145
0.777	0.144

0.777	0.196
0.778	0.196
0.778	0.197
0.777	0.197
0.777	0.196

0.777	0.197
0.778	0.197
0.778	0.198
0.777	0.198
0.777	0.197

0.777	0.967
0.778	0.967
0.778	0.968
0.777	0.968
0.777	0.967

0.778	0.143
0.779	0.143
0.779	0.144
0.778	0.144
0.778	0.143

0.778	0.968
0.779	0.968
0.779	0.969
0.778	0.969
0.778	0.968

0.779	0.141
0.78	0.141
0.78	0.142
0.779	0.142
0.779	0.141

0.779	0.968
0.78	0.968
0.78	0.969
0.779	0.969
0.779	0.968

0.78	0.14
0.781	0.14
0.781	0.141
0.78	0.141
0.78	0.14

0.78	0.967
0.781	0.967
0.781	0.968
0.78	0.968
0.78	0.967

0.781	0.141
0.782	0.141
0.782	0.142
0.781	0.142
0.781	0.141

0.782	0.143
0.783	0.143
0.783	0.144
0.782	0.144
0.782	0.143

0.782	0.967
0.783	0.967
0.783	0.968
0.782	0.968
0.782	0.967

0.783	0.144
0.784	0.144
0.784	0.145
0.783	0.145
0.783	0.144

0.784	0.144
0.785	0.144
0.785	0.145
0.784	0.145
0.784	0.144

0.784	0.967
0.785	0.967
0.785	0.968
0.784	0.968
0.784	0.967

0.785	0.145
0.786	0.145
0.786	0.146
0.785	0.146
0.785	0.145

0.785	0.146
0.786	0.146
0.786	0.147
0.785	0.147
0.785	0.146

0.785	0.968
0.786	0.968
0.786	0.969
0.785	0.969
0.785	0.968

0.785	0.969
0.786	0.969
0.786	0.97
0.785	0.97
0.785	0.969

0.785	0.971
0.786	0.971
0.786	0.972
0.785	0.972
0.785	0.971

0.787	0.145
0.788	0.145
0.788	0.146
0.787	0.146
0.787	0.145

0.787	0.972
0.788	0.972
0.788	0.973
0.787	0.973
0.787	0.972

0.788	0.145
0.789	0.145
0.789	0.146
0.788	0.146
0.788	0.145

0.788	0.148
0.789	0.148
0.789	0.149
0.788	0.149
0.788	0.148

0.788	0.972
0.789	0.972
0.789	0.973
0.788	0.973
0.788	0.972

0.789	0.147
0.79	0.147
0.79	0.148
0.789	0.148
0.789	0.147

0.789	0.148
0.79	0.148
0.79	0.149
0.789	0.149
0.789	0.148

0.79	0.147
0.791	0.147
0.791	0.148
0.79	0.148
0.79	0.147

0.79	0.973
0.791	0.973
0.791	0.974
0.79	0.974
0.79	0.973

0.791	0.147
0.792	0.147
0.792	0.148
0.791	0.148
0.791	0.147

0.791	0.973
0.792	0.973
0.792	0.974
0.791	0.974
0.791	0.973

0.791	0.974
0.792	0.974
0.792	0.975
0.791	0.975
0.791	0.974

0.791	0.981
0.792	0.981
0.792	0.982
0.791	0.982
0.791	0.981

0.792	0.975
0.793	0.975
0.793	0.976
0.792	0.976
0.792	0.975

0.792	0.976
0.793	0.976
0.793	0.977
0.792	0.977
0.792	0.976

0.792	0.98
0.793	0.98
0.793	0.981
0.792	0.981
0.792	0.98

0.792	0.982
0.793	0.982
0.793	0.983
0.792	0.983
0.792	0.982

0.792	0.984
0.793	0.984
0.793	0.985
0.792	0.985
0.792	0.984

0.793	0.143
0.794	0.143
0.794	0.144
0.793	0.144
0.793	0.143

0.793	0.144
0.794	0.144
0.794	0.145
0.793	0.145
0.793	0.144

0.793	0.146
0.794	0.146
0.794	0.147
0.793	0.147
0.793	0.146

0.793	0.978
0.794	0.978
0.794	0.979
0.793	0.979
0.793	0.978

0.793	0.979
0.794	0.979
0.794	0.98
0.793	0.98
0.793	0.979

0.793	0.985
0.794	0.985
0.794	0.986
0.793	0.986
0.793	0.985

0.793	0.986
0.794	0.986
0.794	0.987
0.793	0.987
0.793	0.986

0.794	0.141
0.795	0.141
0.795	0.142
0.794	0.142
0.794	0.141

0.794	0.142
0.795	0.142
0.795	0.143
0.794	0.143
0.794	0.142

0.794	0.988
0.795	0.988
0.795	0.989
0.794	0.989
0.794	0.988

0.794	0.989
0.795	0.989
0.795	0.99
0.794	0.99
0.794	0.989

0.794	0.991
0.795	0.991
0.795	0.992
0.794	0.992
0.794	0.991

0.795	0.14
0.796	0.14
0.796	0.141
0.795	0.141
0.795	0.14

0.795	0.992
0.796	0.992
0.796	0.993
0.795	0.993
0.795	0.992

0.795	0.994
0.796	0.994
0.796	0.995
0.795	0.995
0.795	0.994

0.795	0.995
0.796	0.995
0.796	0.996
0.795	0.996
0.795	0.995

0.796	0.139
0.797	0.139
0.797	0.14
0.796	0.14
0.796	0.139

0.796	0.995
0.797	0.995
0.797	0.996
0.796	0.996
0.796	0.995

0.797	0.138
0.798	0.138
0.798	0.139
0.797	0.139
0.797	0.138

0.798	0.995
0.799	0.995
0.799	0.996
0.798	0.996
0.798	0.995

0.799	0.996
0.8	0.996
0.8	0.997
0.799	0.997
0.799	0.996

0.8	0.998
0.801	0.998
0.801	0.999
0.8	0.999
0.8	0.998

0.801	0.999
0.802	0.999
0.802	1
0.801	1
0.801	0.999

